Deleted: /workspaces/MRA-OrbitalOptimization/automate_process/tmp4/F.MPS.GS.0
Deleted: /workspaces/MRA-OrbitalOptimization/automate_process/tmp4/F.MPS.GS.1
Deleted: /workspaces/MRA-OrbitalOptimization/automate_process/tmp4/F.MPS.GS.2
Deleted: /workspaces/MRA-OrbitalOptimization/automate_process/tmp4/F.MPS.INFO.GS.LEFT.0
Deleted: /workspaces/MRA-OrbitalOptimization/automate_process/tmp4/F.MPS.INFO.GS.RIGHT.0
Deleted: /workspaces/MRA-OrbitalOptimization/automate_process/tmp4/F.MPS.INFO.GS.LEFT.1
Deleted: /workspaces/MRA-OrbitalOptimization/automate_process/tmp4/F.MPS.INFO.GS.RIGHT.1
Deleted: /workspaces/MRA-OrbitalOptimization/automate_process/tmp4/F.MPS.INFO.GS.LEFT.2
Deleted: /workspaces/MRA-OrbitalOptimization/automate_process/tmp4/F.MPS.INFO.GS.RIGHT.2
Deleted: /workspaces/MRA-OrbitalOptimization/automate_process/tmp4/F.MPS.INFO.GS.LEFT.3
Deleted: /workspaces/MRA-OrbitalOptimization/automate_process/tmp4/F.MPS.INFO.GS.RIGHT.3
Deleted: /workspaces/MRA-OrbitalOptimization/automate_process/tmp4/F.MPS.GS.-1
Deleted: /workspaces/MRA-OrbitalOptimization/automate_process/tmp4/GS-mps_info.bin
Deleted: /workspaces/MRA-OrbitalOptimization/automate_process/tmp4/F.MPS.INFO.PDM-KET@TMP.LEFT.0
Deleted: /workspaces/MRA-OrbitalOptimization/automate_process/tmp4/F.MPS.INFO.PDM-KET@TMP.RIGHT.0
Deleted: /workspaces/MRA-OrbitalOptimization/automate_process/tmp4/F.MPS.INFO.PDM-KET@TMP.LEFT.1
Deleted: /workspaces/MRA-OrbitalOptimization/automate_process/tmp4/F.MPS.INFO.PDM-KET@TMP.RIGHT.1
Deleted: /workspaces/MRA-OrbitalOptimization/automate_process/tmp4/F.MPS.INFO.PDM-KET@TMP.LEFT.2
Deleted: /workspaces/MRA-OrbitalOptimization/automate_process/tmp4/F.MPS.INFO.PDM-KET@TMP.RIGHT.2
Deleted: /workspaces/MRA-OrbitalOptimization/automate_process/tmp4/F.MPS.INFO.PDM-KET@TMP.LEFT.3
Deleted: /workspaces/MRA-OrbitalOptimization/automate_process/tmp4/F.MPS.INFO.PDM-KET@TMP.RIGHT.3
Deleted: /workspaces/MRA-OrbitalOptimization/automate_process/tmp4/F.MPS.PDM-KET@TMP.0
Deleted: /workspaces/MRA-OrbitalOptimization/automate_process/tmp4/F.MPS.PDM-KET@TMP.1
Deleted: /workspaces/MRA-OrbitalOptimization/automate_process/tmp4/F.MPS.PDM-KET@TMP.2
Deleted: /workspaces/MRA-OrbitalOptimization/automate_process/tmp4/F.MPS.PDM-KET@TMP.-1
Deleted: /workspaces/MRA-OrbitalOptimization/automate_process/tmp4/F0.PART.NPDM.NPDM.FRAG.1.fpc
Deleted: /workspaces/MRA-OrbitalOptimization/automate_process/tmp4/F0.PART.NPDM.NPDM.FRAG.0.fpc
converged SCF energy = -1.31213253709661  <S^2> = 0.7575986  2S+1 = 2.0075842
DMRG energy:  -1.3249765914583116
Save OrbitalTranslator Json file
Orbital Translator output:
MADNESS runtime initialized with 3 threads in the pool and affinity OFF
Alpha matrix: 
 3.525274e-01  9.647349e-01 -1.204853e+00
 3.525274e-01 -9.647349e-01 -1.204853e+00
 4.261724e-01 -4.564491e-16  2.104495e+00
Beta matrix: 
 2.461585e-01  9.647349e-01 -1.230997e+00
 2.461585e-01 -9.647349e-01 -1.230997e+00
 6.079989e-01 -5.978384e-16  2.059334e+00

Save SpinorbOpt Json file
Run Spin orbital refinement at bondlength  0.5
MADNESS runtime initialized with 3 threads in the pool and affinity OFF
Read orbitals and calculate the integrals
constructed nuclear correlation factor of the form
    R   =  1.000000e+00
with eprec  1.000000e-04
which means it's (nearly) a conventional calculation

Enuc: 
2.288854e+00
Frozen occupied spin orbitals: 
Active space spin orbitals indicies: 0 1 2 3 4 5 
ReadOrbitals took 0 seconds
ReadRDMFiles took 0 seconds
Alpha Beta rdms 
 9.980759e-01  0.000000e+00  4.602969e-18  0.000000e+00  0.000000e+00  0.000000e+00
 0.000000e+00  9.933086e-01  0.000000e+00 -4.625347e-19  0.000000e+00 -8.673617e-19
 4.602969e-18  0.000000e+00  9.952327e-01  0.000000e+00  3.869653e-16  0.000000e+00
 0.000000e+00 -4.625347e-19  0.000000e+00  4.767290e-03  0.000000e+00 -9.552186e-20
-2.066760e-18  0.000000e+00  3.869653e-16  0.000000e+00  6.691420e-03  0.000000e+00
 0.000000e+00 -4.929732e-19  0.000000e+00 -9.552186e-20  0.000000e+00  1.924130e-03
orbitals_rotate 6
alpha beta orbs 6
One body integrals: -2.008914e+00  0.000000e+00 -1.237768e-07  0.000000e+00 -1.729043e-01  0.000000e+00
 0.000000e+00 -2.026026e+00  0.000000e+00 -1.475769e-07  0.000000e+00 -6.261466e-02
-1.237768e-07  0.000000e+00 -1.281326e+00  0.000000e+00 -3.329171e-07  0.000000e+00
 0.000000e+00 -1.475769e-07  0.000000e+00 -1.281326e+00  0.000000e+00 -3.230720e-07
-1.729043e-01  0.000000e+00 -3.329171e-07  0.000000e+00 -5.081032e-01  0.000000e+00
 0.000000e+00 -6.261466e-02  0.000000e+00 -3.230720e-07  0.000000e+00 -4.909908e-01
Alpha Overlap matrix: 
 1.000000e+00 -3.678716e-10 -2.917595e-10
-3.678716e-10  1.000000e+00 -1.738015e-09
-2.917595e-10 -1.738015e-09  1.000000e+00
Beta Overlap matrix: 
 1.000000e+00 -4.928533e-10 -5.461985e-10
-4.928533e-10  1.000000e+00 -1.706787e-09
-5.461985e-10 -1.706787e-09  1.000000e+00
mn size: 36
CalculateAllIntegrals took 37 seconds
---------------------------------------------------
Start spin orbital optimization
Calculate initial energies: 
            Kinetic energy  2.396162e+00
 Nuclear attraction energy  -7.699351e+00
       Two-electron energy  1.689392e+00
 Nuclear  repulsion energy  2.288854e+00
              Total energy  -1.324943e+00
CalculateEnergies took 0 seconds
---------------------------------------------------
Start iteration step: 1
Spin orbital indices list for update : 0 1 2 3 4 5 
CalculateLagrangeMultiplier took 0 seconds
Lagrange Multiplier: -9.001322e-01  0.000000e+00 -1.160717e-07  0.000000e+00  6.121517e-03  0.000000e+00
 0.000000e+00 -7.661722e-01  0.000000e+00 -7.547828e-10  0.000000e+00 -3.515017e-03
-1.033444e-07  0.000000e+00 -2.373904e-01  0.000000e+00 -3.250170e-09  0.000000e+00
 0.000000e+00 -1.434906e-07  0.000000e+00 -7.827610e-03  0.000000e+00 -7.289927e-10
 6.123289e-03  0.000000e+00 -3.376000e-07  0.000000e+00 -8.404903e-03  0.000000e+00
 0.000000e+00 -3.510575e-03  0.000000e+00 -1.600715e-09  0.000000e+00 -4.478543e-03
Error of Orbital 0: 8.128738e-02
Error of Orbital 1: 6.463836e-02
Error of Orbital 2: 3.020076e-01
Error of Orbital 3: 9.717110e-02
Error of Orbital 4: 2.262740e-01
Error of Orbital 5: 2.468774e-01
GetAllActiveSpinorbitalUpdates took 36 seconds
UpdateOrbitals took 36 seconds
Orthonormalize orbitals
Update Integrals
One body integrals: -2.067558e+00  0.000000e+00  7.260551e-08  0.000000e+00 -1.524613e-01  0.000000e+00
 0.000000e+00 -2.076927e+00  0.000000e+00  6.018822e-08  0.000000e+00 -1.112499e-01
 7.260551e-08  0.000000e+00 -1.258797e+00  0.000000e+00 -1.901862e-07  0.000000e+00
 0.000000e+00  6.018822e-08  0.000000e+00 -1.271305e+00  0.000000e+00 -2.982129e-07
-1.524613e-01  0.000000e+00 -1.901862e-07  0.000000e+00 -5.698993e-01  0.000000e+00
 0.000000e+00 -1.112499e-01  0.000000e+00 -2.981275e-07  0.000000e+00 -6.646310e-01
Alpha Overlap matrix: 
1.000000e+00 1.585607e-12 3.852028e-12
1.585596e-12 1.000000e+00 1.046385e-14
3.852032e-12 1.045344e-14 1.000000e+00
Beta Overlap matrix: 
 1.000000e+00 -1.646523e-12 -1.727771e-12
-1.646537e-12  1.000000e+00  3.247402e-15
-1.727771e-12  3.247402e-15  1.000000e+00
mn size: 36
CalculateAllIntegrals took 47 seconds
            Kinetic energy  2.198046e+00
 Nuclear attraction energy  -7.588603e+00
       Two-electron energy  1.655058e+00
 Nuclear  repulsion energy  2.288854e+00
              Total energy  -1.446645e+00
CalculateEnergies took 0 seconds
Highest error: 3.020076e-01
---------------------------------------------------
Start iteration step: 2
Spin orbital indices list for update : 0 1 2 3 4 5 
CalculateLagrangeMultiplier took 0 seconds
Lagrange Multiplier: -9.415271e-01  0.000000e+00  6.399894e-08  0.000000e+00  4.427087e-03  0.000000e+00
 0.000000e+00 -8.234741e-01  0.000000e+00  1.042343e-09  0.000000e+00 -3.000332e-03
 6.270168e-08  0.000000e+00 -2.942543e-01  0.000000e+00  2.134208e-09  0.000000e+00
 0.000000e+00  1.045542e-07  0.000000e+00 -7.553578e-03  0.000000e+00 -2.894704e-09
-5.546310e-03  0.000000e+00 -1.741435e-07  0.000000e+00 -8.828696e-03  0.000000e+00
 0.000000e+00 -6.337850e-03  0.000000e+00 -3.558551e-09  0.000000e+00 -4.803849e-03
Error of Orbital 0: 3.371735e-02
Error of Orbital 1: 4.078015e-02
Error of Orbital 2: 8.334107e-02
Error of Orbital 3: 1.579109e-02
Error of Orbital 4: 1.175485e-01
Error of Orbital 5: 5.012137e-02
GetAllActiveSpinorbitalUpdates took 42 seconds
UpdateOrbitals took 42 seconds
Orthonormalize orbitals
Update Integrals
One body integrals: -2.086156e+00  0.000000e+00  1.604081e-07  0.000000e+00 -1.794731e-01  0.000000e+00
 0.000000e+00 -2.100695e+00  0.000000e+00  2.015243e-07  0.000000e+00 -1.046759e-01
 1.604081e-07  0.000000e+00 -1.236079e+00  0.000000e+00 -2.285528e-07  0.000000e+00
 0.000000e+00  2.015243e-07  0.000000e+00 -1.270777e+00  0.000000e+00  3.257564e-07
-1.794731e-01  0.000000e+00 -2.285528e-07  0.000000e+00 -6.213774e-01  0.000000e+00
 0.000000e+00 -1.046759e-01  0.000000e+00  3.258226e-07  0.000000e+00 -6.307688e-01
Alpha Overlap matrix: 
1.000000e+00 1.131387e-14 5.065393e-16
1.130693e-14 1.000000e+00 1.708356e-14
5.065393e-16 1.708356e-14 1.000000e+00
Beta Overlap matrix: 
 1.000000e+00 -2.643984e-12 -2.821719e-12
-2.643982e-12  1.000000e+00  2.167710e-14
-2.821701e-12  2.167017e-14  1.000000e+00
mn size: 36
CalculateAllIntegrals took 48 seconds
            Kinetic energy  2.213748e+00
 Nuclear attraction energy  -7.624144e+00
       Two-electron energy  1.659885e+00
 Nuclear  repulsion energy  2.288854e+00
              Total energy  -1.461656e+00
CalculateEnergies took 0 seconds
Highest error: 1.175485e-01
---------------------------------------------------
Start iteration step: 3
Spin orbital indices list for update : 0 1 2 3 4 5 
CalculateLagrangeMultiplier took 0 seconds
Lagrange Multiplier: -9.431974e-01  0.000000e+00  1.401365e-07  0.000000e+00  4.160433e-03  0.000000e+00
 0.000000e+00 -8.361415e-01  0.000000e+00 -7.760981e-10  0.000000e+00 -3.755533e-03
 1.398527e-07  0.000000e+00 -2.900347e-01  0.000000e+00 -1.191643e-09  0.000000e+00
 0.000000e+00  1.819993e-07  0.000000e+00 -7.199593e-03  0.000000e+00 -5.012369e-10
-1.226778e-02  0.000000e+00 -2.520587e-07  0.000000e+00 -9.106449e-03  0.000000e+00
 0.000000e+00 -2.788906e-03  0.000000e+00 -2.000513e-09  0.000000e+00 -4.945338e-03
Error of Orbital 0: 1.110888e-02
Error of Orbital 1: 1.886540e-02
Error of Orbital 2: 5.421010e-02
Error of Orbital 3: 9.877719e-03
Error of Orbital 4: 6.883096e-02
Error of Orbital 5: 5.571373e-02
GetAllActiveSpinorbitalUpdates took 42 seconds
UpdateOrbitals took 43 seconds
Orthonormalize orbitals
Update Integrals
One body integrals: -2.091234e+00  0.000000e+00  2.441613e-07  0.000000e+00 -1.937777e-01  0.000000e+00
 0.000000e+00 -2.110305e+00  0.000000e+00  2.346662e-07  0.000000e+00 -1.125992e-01
 2.441613e-07  0.000000e+00 -1.219192e+00  0.000000e+00 -1.883893e-07  0.000000e+00
 0.000000e+00  2.346662e-07  0.000000e+00 -1.270972e+00  0.000000e+00  2.945981e-07
-1.937777e-01  0.000000e+00 -1.883198e-07  0.000000e+00 -6.363361e-01  0.000000e+00
 0.000000e+00 -1.125992e-01  0.000000e+00  2.946625e-07  0.000000e+00 -6.023857e-01
Alpha Overlap matrix: 
 1.000000e+00  2.822395e-14 -2.216977e-13
 2.822395e-14  1.000000e+00  4.026293e-14
-2.217011e-13  4.025946e-14  1.000000e+00
Beta Overlap matrix: 
 1.000000e+00 -4.509566e-12 -4.952417e-12
-4.509546e-12  1.000000e+00  3.750472e-14
-4.952413e-12  3.747697e-14  1.000000e+00
mn size: 36
CalculateAllIntegrals took 48 seconds
            Kinetic energy  2.205425e+00
 Nuclear attraction energy  -7.613676e+00
       Two-electron energy  1.653642e+00
 Nuclear  repulsion energy  2.288854e+00
              Total energy  -1.465754e+00
CalculateEnergies took 0 seconds
Highest error: 6.883096e-02
---------------------------------------------------
Start iteration step: 4
Spin orbital indices list for update : 0 1 2 3 4 5 
CalculateLagrangeMultiplier took 0 seconds
Lagrange Multiplier: -9.448534e-01  0.000000e+00  1.927483e-07  0.000000e+00  3.593672e-03  0.000000e+00
 0.000000e+00 -8.462388e-01  0.000000e+00 -1.705190e-09  0.000000e+00 -4.245200e-03
 1.895040e-07  0.000000e+00 -2.886208e-01  0.000000e+00  1.811705e-09  0.000000e+00
 0.000000e+00  2.167363e-07  0.000000e+00 -7.014017e-03  0.000000e+00 -2.098919e-09
-1.463756e-02  0.000000e+00 -2.264287e-07  0.000000e+00 -9.190465e-03  0.000000e+00
 0.000000e+00 -2.015871e-03  0.000000e+00 -1.910954e-09  0.000000e+00 -5.048871e-03
Error of Orbital 0: 3.400010e-03
Error of Orbital 1: 9.084744e-03
Error of Orbital 2: 3.567657e-02
Error of Orbital 3: 1.110576e-02
Error of Orbital 4: 5.657696e-02
Error of Orbital 5: 4.890565e-02
GetAllActiveSpinorbitalUpdates took 42 seconds
UpdateOrbitals took 42 seconds
Orthonormalize orbitals
Update Integrals
One body integrals: -2.092557e+00  0.000000e+00  2.506283e-07  0.000000e+00 -2.043205e-01  0.000000e+00
 0.000000e+00 -2.114645e+00  0.000000e+00  2.538043e-07  0.000000e+00 -1.203313e-01
 2.506283e-07  0.000000e+00 -1.207407e+00  0.000000e+00 -3.937080e-07  0.000000e+00
 0.000000e+00  2.538043e-07  0.000000e+00 -1.271782e+00  0.000000e+00  3.231985e-07
-2.043205e-01  0.000000e+00 -3.936260e-07  0.000000e+00 -6.447771e-01  0.000000e+00
 0.000000e+00 -1.203313e-01  0.000000e+00  3.232633e-07  0.000000e+00 -5.822659e-01
Alpha Overlap matrix: 
 1.000000e+00 -4.753142e-16 -8.810001e-13
-4.735795e-16  1.000000e+00 -1.387779e-17
-8.809967e-13 -1.387779e-17  1.000000e+00
Beta Overlap matrix: 
 1.000000e+00 -6.430800e-12 -7.116099e-12
-6.430804e-12  1.000000e+00  4.594936e-14
-7.116085e-12  4.594242e-14  1.000000e+00
mn size: 36
CalculateAllIntegrals took 48 seconds
            Kinetic energy  2.191521e+00
 Nuclear attraction energy  -7.593696e+00
       Two-electron energy  1.646081e+00
 Nuclear  repulsion energy  2.288854e+00
              Total energy  -1.467239e+00
CalculateEnergies took 0 seconds
Highest error: 5.657696e-02
---------------------------------------------------
Start iteration step: 5
Spin orbital indices list for update : 0 1 2 3 4 5 
CalculateLagrangeMultiplier took 0 seconds
Lagrange Multiplier: -9.467961e-01  0.000000e+00  2.100481e-07  0.000000e+00  3.120789e-03  0.000000e+00
 0.000000e+00 -8.538357e-01  0.000000e+00  1.439034e-08  0.000000e+00 -4.627571e-03
 1.961144e-07  0.000000e+00 -2.881021e-01  0.000000e+00 -6.904184e-10  0.000000e+00
 0.000000e+00  2.061642e-07  0.000000e+00 -6.902968e-03  0.000000e+00 -7.284298e-09
-1.559027e-02  0.000000e+00 -6.257101e-08  0.000000e+00 -9.251431e-03  0.000000e+00
 0.000000e+00 -1.698206e-03  0.000000e+00  1.503479e-09  0.000000e+00 -5.124362e-03
Error of Orbital 0: 1.314630e-03
Error of Orbital 1: 4.873999e-03
Error of Orbital 2: 2.371097e-02
Error of Orbital 3: 1.098964e-02
Error of Orbital 4: 4.448991e-02
Error of Orbital 5: 4.126807e-02
GetAllActiveSpinorbitalUpdates took 42 seconds
UpdateOrbitals took 42 seconds
Orthonormalize orbitals
Update Integrals
One body integrals: -2.092863e+00  0.000000e+00  2.523676e-07  0.000000e+00 -2.121323e-01  0.000000e+00
 0.000000e+00 -2.116922e+00  0.000000e+00  3.728595e-07  0.000000e+00 -1.269785e-01
 2.523676e-07  0.000000e+00 -1.199330e+00  0.000000e+00 -2.883643e-07  0.000000e+00
 0.000000e+00  3.728595e-07  0.000000e+00 -1.272832e+00  0.000000e+00  3.436136e-07
-2.121323e-01  0.000000e+00 -2.882764e-07  0.000000e+00 -6.500152e-01  0.000000e+00
 0.000000e+00 -1.269785e-01  0.000000e+00  3.436806e-07  0.000000e+00 -5.688435e-01
Alpha Overlap matrix: 
 1.000000e+00 -1.134856e-14 -1.578584e-12
-1.134856e-14  1.000000e+00 -1.744438e-14
-1.578584e-12 -1.745132e-14  1.000000e+00
Beta Overlap matrix: 
 1.000000e+00 -8.039649e-12 -8.952290e-12
-8.039642e-12  1.000000e+00  4.829817e-14
-8.952283e-12  4.828776e-14  1.000000e+00
mn size: 36
CalculateAllIntegrals took 47 seconds
            Kinetic energy  2.179539e+00
 Nuclear attraction energy  -7.576257e+00
       Two-electron energy  1.639989e+00
 Nuclear  repulsion energy  2.288854e+00
              Total energy  -1.467874e+00
CalculateEnergies took 0 seconds
Highest error: 4.448991e-02
---------------------------------------------------
Start iteration step: 6
Spin orbital indices list for update : 0 1 2 3 4 5 
CalculateLagrangeMultiplier took 0 seconds
Lagrange Multiplier: -9.484163e-01  0.000000e+00  2.101869e-07  0.000000e+00  2.744394e-03  0.000000e+00
 0.000000e+00 -8.592008e-01  0.000000e+00  1.188625e-08  0.000000e+00 -4.915230e-03
 1.982851e-07  0.000000e+00 -2.878159e-01  0.000000e+00 -4.899768e-09  0.000000e+00
 0.000000e+00  1.880488e-07  0.000000e+00 -6.835938e-03  0.000000e+00 -5.391125e-09
-1.605240e-02  0.000000e+00 -6.056901e-09  0.000000e+00 -9.294588e-03  0.000000e+00
 0.000000e+00 -1.487634e-03  0.000000e+00  2.888205e-09  0.000000e+00 -5.176153e-03
Error of Orbital 0: 8.359758e-04
Error of Orbital 1: 2.850411e-03
Error of Orbital 2: 1.594668e-02
Error of Orbital 3: 9.609472e-03
Error of Orbital 4: 3.492509e-02
Error of Orbital 5: 3.367098e-02
GetAllActiveSpinorbitalUpdates took 41 seconds
UpdateOrbitals took 41 seconds
Orthonormalize orbitals
Update Integrals
One body integrals: -2.092903e+00  0.000000e+00  2.335912e-07  0.000000e+00 -2.180327e-01  0.000000e+00
 0.000000e+00 -2.118251e+00  0.000000e+00  3.841099e-07  0.000000e+00 -1.323141e-01
 2.335912e-07  0.000000e+00 -1.193802e+00  0.000000e+00 -2.889713e-07  0.000000e+00
 0.000000e+00  3.841099e-07  0.000000e+00 -1.273782e+00  0.000000e+00  4.140128e-07
-2.180327e-01  0.000000e+00 -2.888795e-07  0.000000e+00 -6.532885e-01  0.000000e+00
 0.000000e+00 -1.323141e-01  0.000000e+00  4.140824e-07  0.000000e+00 -5.595725e-01
Alpha Overlap matrix: 
 1.000000e+00 -2.476144e-14 -2.226396e-12
-2.476144e-14  1.000000e+00 -3.622797e-14
-2.226400e-12 -3.622797e-14  1.000000e+00
Beta Overlap matrix: 
 1.000000e+00 -9.253823e-12  2.784913e-11
-9.253820e-12  1.000000e+00 -5.727965e-11
 2.784913e-11 -5.727964e-11  1.000000e+00
mn size: 36
CalculateAllIntegrals took 48 seconds
            Kinetic energy  2.170637e+00
 Nuclear attraction energy  -7.563222e+00
       Two-electron energy  1.635560e+00
 Nuclear  repulsion energy  2.288854e+00
              Total energy  -1.468170e+00
CalculateEnergies took 0 seconds
Highest error: 3.492509e-02
---------------------------------------------------
Start iteration step: 7
Spin orbital indices list for update : 0 1 2 3 4 5 
CalculateLagrangeMultiplier took 0 seconds
Lagrange Multiplier: -9.496228e-01  0.000000e+00  2.076143e-07  0.000000e+00  2.454679e-03  0.000000e+00
 0.000000e+00 -8.628992e-01  0.000000e+00  1.493101e-08  0.000000e+00 -5.132049e-03
 1.938354e-07  0.000000e+00 -2.876120e-01  0.000000e+00 -5.763398e-09  0.000000e+00
 0.000000e+00  1.911653e-07  0.000000e+00 -6.794521e-03  0.000000e+00 -5.828924e-09
-1.630226e-02  0.000000e+00  6.720668e-08  0.000000e+00 -9.324652e-03  0.000000e+00
 0.000000e+00 -1.312005e-03  0.000000e+00  4.557619e-09  0.000000e+00 -5.210786e-03
Error of Orbital 0: 6.322515e-04
Error of Orbital 1: 1.765463e-03
Error of Orbital 2: 1.084197e-02
Error of Orbital 3: 7.947229e-03
Error of Orbital 4: 2.738800e-02
Error of Orbital 5: 2.716006e-02
GetAllActiveSpinorbitalUpdates took 42 seconds
UpdateOrbitals took 42 seconds
Orthonormalize orbitals
Update Integrals
One body integrals: -2.092880e+00  0.000000e+00  1.980405e-07  0.000000e+00 -2.225226e-01  0.000000e+00
 0.000000e+00 -2.119081e+00  0.000000e+00  4.077461e-07  0.000000e+00 -1.365108e-01
 1.980405e-07  0.000000e+00 -1.190004e+00  0.000000e+00 -2.688193e-07  0.000000e+00
 0.000000e+00  4.077461e-07  0.000000e+00 -1.274551e+00  0.000000e+00  4.871510e-07
-2.225226e-01  0.000000e+00 -2.687247e-07  0.000000e+00 -6.552343e-01  0.000000e+00
 0.000000e+00 -1.365108e-01  0.000000e+00  4.872230e-07  0.000000e+00 -5.528066e-01
Alpha Overlap matrix: 
 1.000000e+00 -4.192653e-14 -2.785563e-12
-4.191959e-14  1.000000e+00 -6.445192e-14
-2.785550e-12 -6.444845e-14  1.000000e+00
Beta Overlap matrix: 
 1.000000e+00 -1.014942e-11  2.648597e-11
-1.014943e-11  1.000000e+00 -5.660847e-11
 2.648598e-11 -5.660848e-11  1.000000e+00
mn size: 36
CalculateAllIntegrals took 46 seconds
            Kinetic energy  2.164320e+00
 Nuclear attraction energy  -7.553930e+00
       Two-electron energy  1.632440e+00
 Nuclear  repulsion energy  2.288854e+00
              Total energy  -1.468315e+00
CalculateEnergies took 0 seconds
Highest error: 2.738800e-02
---------------------------------------------------
Start iteration step: 8
Spin orbital indices list for update : 0 1 2 3 4 5 
CalculateLagrangeMultiplier took 0 seconds
Lagrange Multiplier: -9.504857e-01  0.000000e+00  1.968062e-07  0.000000e+00  2.233872e-03  0.000000e+00
 0.000000e+00 -8.654382e-01  0.000000e+00  1.766138e-08  0.000000e+00 -5.295857e-03
 1.816926e-07  0.000000e+00 -2.874585e-01  0.000000e+00 -7.485160e-09  0.000000e+00
 0.000000e+00  1.879561e-07  0.000000e+00 -6.768574e-03  0.000000e+00 -5.779570e-09
-1.644176e-02  0.000000e+00  1.543676e-07  0.000000e+00 -9.345131e-03  0.000000e+00
 0.000000e+00 -1.159384e-03  0.000000e+00  6.567701e-09  0.000000e+00 -5.233658e-03
Error of Orbital 0: 4.828369e-04
Error of Orbital 1: 1.136074e-03
Error of Orbital 2: 7.435891e-03
Error of Orbital 3: 6.398007e-03
Error of Orbital 4: 2.148909e-02
Error of Orbital 5: 2.178528e-02
GetAllActiveSpinorbitalUpdates took 42 seconds
UpdateOrbitals took 42 seconds
Orthonormalize orbitals
Update Integrals
One body integrals: -2.092847e+00  0.000000e+00  1.482436e-07  0.000000e+00 -2.259552e-01  0.000000e+00
 0.000000e+00 -2.119623e+00  0.000000e+00  4.300792e-07  0.000000e+00 -1.397908e-01
 1.482436e-07  0.000000e+00 -1.187382e+00  0.000000e+00 -2.360968e-07  0.000000e+00
 0.000000e+00  4.300792e-07  0.000000e+00 -1.275152e+00  0.000000e+00  5.345384e-07
-2.259552e-01  0.000000e+00 -2.360001e-07  0.000000e+00 -6.562885e-01  0.000000e+00
 0.000000e+00 -1.397908e-01  0.000000e+00  5.346124e-07  0.000000e+00 -5.476571e-01
Alpha Overlap matrix: 
 1.000000e+00 -6.228872e-14  3.749561e-11
-6.228872e-14  1.000000e+00 -3.716429e-11
 3.749560e-11 -3.716430e-11  1.000000e+00
Beta Overlap matrix: 
 1.000000e+00 -1.080717e-11 -1.239437e-11
-1.080717e-11  1.000000e+00  2.328832e-13
-1.239438e-11  2.328832e-13  1.000000e+00
mn size: 36
CalculateAllIntegrals took 47 seconds
            Kinetic energy  2.159903e+00
 Nuclear attraction energy  -7.547408e+00
       Two-electron energy  1.630261e+00
 Nuclear  repulsion energy  2.288854e+00
              Total energy  -1.468390e+00
CalculateEnergies took 0 seconds
Highest error: 2.178528e-02
---------------------------------------------------
Start iteration step: 9
Spin orbital indices list for update : 0 1 2 3 4 5 
CalculateLagrangeMultiplier took 0 seconds
Lagrange Multiplier: -9.510933e-01  0.000000e+00  1.792328e-07  0.000000e+00  2.065932e-03  0.000000e+00
 0.000000e+00 -8.671860e-01  0.000000e+00  2.003144e-08  0.000000e+00 -5.420032e-03
 1.631633e-07  0.000000e+00 -2.873437e-01  0.000000e+00 -9.308088e-09  0.000000e+00
 0.000000e+00  1.826479e-07  0.000000e+00 -6.752284e-03  0.000000e+00 -5.452947e-09
-1.651740e-02  0.000000e+00  2.444508e-07  0.000000e+00 -9.358812e-03  0.000000e+00
 0.000000e+00 -1.028244e-03  0.000000e+00  8.666734e-09  0.000000e+00 -5.248651e-03
Error of Orbital 0: 3.682955e-04
Error of Orbital 1: 7.511177e-04
Error of Orbital 2: 5.134730e-03
Error of Orbital 3: 5.083648e-03
Error of Orbital 4: 1.687792e-02
Error of Orbital 5: 1.742052e-02
GetAllActiveSpinorbitalUpdates took 42 seconds
UpdateOrbitals took 42 seconds
Orthonormalize orbitals
Update Integrals
One body integrals: -2.092818e+00  0.000000e+00  8.814757e-08  0.000000e+00 -2.285895e-01  0.000000e+00
 0.000000e+00 -2.119988e+00  0.000000e+00  4.488879e-07  0.000000e+00 -1.423513e-01
 8.814758e-08  0.000000e+00 -1.185563e+00  0.000000e+00 -1.716705e-07  0.000000e+00
 0.000000e+00  4.488879e-07  0.000000e+00 -1.275619e+00  0.000000e+00  5.592518e-07
-2.285895e-01  0.000000e+00 -1.715723e-07  0.000000e+00 -6.567663e-01  0.000000e+00
 0.000000e+00 -1.423513e-01  0.000000e+00  5.593274e-07  0.000000e+00 -5.436375e-01
Alpha Overlap matrix: 
 1.000000e+00 -8.595728e-14  3.671274e-11
-8.595902e-14  1.000000e+00 -3.671888e-11
 3.671274e-11 -3.671888e-11  1.000000e+00
Beta Overlap matrix: 
 1.000000e+00 -1.129593e-11 -1.314272e-11
-1.129593e-11  1.000000e+00  4.238658e-13
-1.314269e-11  4.238970e-13  1.000000e+00
mn size: 36
CalculateAllIntegrals took 47 seconds
            Kinetic energy  2.156825e+00
 Nuclear attraction energy  -7.542851e+00
       Two-electron energy  1.628742e+00
 Nuclear  repulsion energy  2.288854e+00
              Total energy  -1.468429e+00
CalculateEnergies took 0 seconds
Highest error: 1.742052e-02
---------------------------------------------------
Start iteration step: 10
Spin orbital indices list for update : 0 1 2 3 4 5 
CalculateLagrangeMultiplier took 0 seconds
Lagrange Multiplier: -9.515183e-01  0.000000e+00  1.565384e-07  0.000000e+00  1.938048e-03  0.000000e+00
 0.000000e+00 -8.683949e-01  0.000000e+00  2.156545e-08  0.000000e+00 -5.514504e-03
 1.393890e-07  0.000000e+00 -2.872594e-01  0.000000e+00 -1.085325e-08  0.000000e+00
 0.000000e+00  1.758397e-07  0.000000e+00 -6.742147e-03  0.000000e+00 -4.764566e-09
-1.655460e-02  0.000000e+00  3.472075e-07  0.000000e+00 -9.367807e-03  0.000000e+00
 0.000000e+00 -9.173656e-04  0.000000e+00  1.063713e-08  0.000000e+00 -5.258415e-03
Error of Orbital 0: 2.821630e-04
Error of Orbital 1: 5.069421e-04
Error of Orbital 2: 3.565046e-03
Error of Orbital 3: 4.013619e-03
Error of Orbital 4: 1.327091e-02
Error of Orbital 5: 1.390277e-02
GetAllActiveSpinorbitalUpdates took 42 seconds
UpdateOrbitals took 42 seconds
Orthonormalize orbitals
Update Integrals
One body integrals: -2.092795e+00  0.000000e+00  1.596254e-08  0.000000e+00 -2.306178e-01  0.000000e+00
 0.000000e+00 -2.120239e+00  0.000000e+00  4.626005e-07  0.000000e+00 -1.443518e-01
 1.596254e-08  0.000000e+00 -1.184296e+00  0.000000e+00 -9.803932e-08  0.000000e+00
 0.000000e+00  4.626005e-07  0.000000e+00 -1.275983e+00  0.000000e+00  6.005129e-07
-2.306178e-01  0.000000e+00 -9.793998e-08  0.000000e+00 -6.568895e-01  0.000000e+00
 0.000000e+00 -1.443518e-01  0.000000e+00  6.005898e-07  0.000000e+00 -5.404573e-01
Alpha Overlap matrix: 
 1.000000e+00 -1.105557e-13 -3.912294e-12
-1.105591e-13  1.000000e+00 -1.726397e-13
-3.912273e-12 -1.726397e-13  1.000000e+00
Beta Overlap matrix: 
 1.000000e+00 -1.166331e-11 -1.363192e-11
-1.166332e-11  1.000000e+00  4.443980e-13
-1.363190e-11  4.444084e-13  1.000000e+00
mn size: 36
CalculateAllIntegrals took 46 seconds
            Kinetic energy  2.154679e+00
 Nuclear attraction energy  -7.539667e+00
       Two-electron energy  1.627683e+00
 Nuclear  repulsion energy  2.288854e+00
              Total energy  -1.468451e+00
CalculateEnergies took 0 seconds
Highest error: 1.390277e-02
---------------------------------------------------
Start iteration step: 11
Spin orbital indices list for update : 0 1 2 3 4 5 
CalculateLagrangeMultiplier took 0 seconds
Lagrange Multiplier: -9.518146e-01  0.000000e+00  1.279691e-07  0.000000e+00  1.840417e-03  0.000000e+00
 0.000000e+00 -8.692353e-01  0.000000e+00  2.283425e-08  0.000000e+00 -5.586638e-03
 1.097620e-07  0.000000e+00 -2.871981e-01  0.000000e+00 -1.236251e-08  0.000000e+00
 0.000000e+00  1.675619e-07  0.000000e+00 -6.735964e-03  0.000000e+00 -3.753273e-09
-1.656874e-02  0.000000e+00  4.533188e-07  0.000000e+00 -9.373644e-03  0.000000e+00
 0.000000e+00 -8.249864e-04  0.000000e+00  1.278700e-08  0.000000e+00 -5.264729e-03
Error of Orbital 0: 2.177344e-04
Error of Orbital 1: 3.479340e-04
Error of Orbital 2: 2.486499e-03
Error of Orbital 3: 3.159385e-03
Error of Orbital 4: 1.044517e-02
Error of Orbital 5: 1.107911e-02
GetAllActiveSpinorbitalUpdates took 42 seconds
UpdateOrbitals took 42 seconds
Orthonormalize orbitals
Update Integrals
One body integrals: -2.092777e+00  0.000000e+00 -6.705118e-08  0.000000e+00 -2.321844e-01  0.000000e+00
 0.000000e+00 -2.120414e+00  0.000000e+00  4.709290e-07  0.000000e+00 -1.459167e-01
-6.705118e-08  0.000000e+00 -1.183411e+00  0.000000e+00 -2.428513e-08  0.000000e+00
 0.000000e+00  4.709290e-07  0.000000e+00 -1.276269e+00  0.000000e+00  6.442835e-07
-2.321844e-01  0.000000e+00 -2.418494e-08  0.000000e+00 -6.568059e-01  0.000000e+00
 0.000000e+00 -1.459167e-01  0.000000e+00  6.443615e-07  0.000000e+00 -5.379255e-01
Alpha Overlap matrix: 
 1.000000e+00 -1.378776e-13  3.423130e-11
-1.378776e-13  1.000000e+00 -3.469233e-11
 3.423131e-11 -3.469232e-11  1.000000e+00
Beta Overlap matrix: 
 1.000000e+00 -1.194449e-11 -1.401243e-11
-1.194449e-11  1.000000e+00  4.630532e-13
-1.401241e-11  4.630740e-13  1.000000e+00
mn size: 36
CalculateAllIntegrals took 46 seconds
            Kinetic energy  2.153180e+00
 Nuclear attraction energy  -7.537439e+00
       Two-electron energy  1.626942e+00
 Nuclear  repulsion energy  2.288854e+00
              Total energy  -1.468463e+00
CalculateEnergies took 0 seconds
Highest error: 1.107911e-02
---------------------------------------------------
Start iteration step: 12
Spin orbital indices list for update : 0 1 2 3 4 5 
CalculateLagrangeMultiplier took 0 seconds
Lagrange Multiplier: -9.520208e-01  0.000000e+00  9.448101e-08  0.000000e+00  1.765660e-03  0.000000e+00
 0.000000e+00 -8.698223e-01  0.000000e+00  2.370780e-08  0.000000e+00 -5.641910e-03
 7.674069e-08  0.000000e+00 -2.871540e-01  0.000000e+00 -1.400282e-08  0.000000e+00
 0.000000e+00  1.581611e-07  0.000000e+00 -6.732323e-03  0.000000e+00 -2.456168e-09
-1.656938e-02  0.000000e+00  5.506128e-07  0.000000e+00 -9.377373e-03  0.000000e+00
 0.000000e+00 -7.486990e-04  0.000000e+00  1.500815e-08  0.000000e+00 -5.268777e-03
Error of Orbital 0: 1.692562e-04
Error of Orbital 1: 2.423040e-04
Error of Orbital 2: 1.741230e-03
Error of Orbital 3: 2.483872e-03
Error of Orbital 4: 8.227961e-03
Error of Orbital 5: 8.818318e-03
GetAllActiveSpinorbitalUpdates took 41 seconds
UpdateOrbitals took 41 seconds
Orthonormalize orbitals
Update Integrals
One body integrals: -2.092763e+00  0.000000e+00 -1.346678e-07  0.000000e+00 -2.333978e-01  0.000000e+00
 0.000000e+00 -2.120539e+00  0.000000e+00  4.752827e-07  0.000000e+00 -1.471428e-01
-1.346678e-07  0.000000e+00 -1.182790e+00  0.000000e+00  1.393093e-07  0.000000e+00
 0.000000e+00  4.752827e-07  0.000000e+00 -1.276494e+00  0.000000e+00  6.904130e-07
-2.333978e-01  0.000000e+00  1.394101e-07  0.000000e+00 -6.566139e-01  0.000000e+00
 0.000000e+00 -1.471428e-01  0.000000e+00  6.904918e-07  0.000000e+00 -5.359046e-01
Alpha Overlap matrix: 
 1.000000e+00 -1.494152e-13  3.415086e-11
-1.494100e-13  1.000000e+00 -3.482773e-11
 3.415086e-11 -3.482771e-11  1.000000e+00
Beta Overlap matrix: 
 1.000000e+00 -1.215756e-11 -1.430790e-11
-1.215756e-11  1.000000e+00  4.790578e-13
-1.430790e-11  4.790612e-13  1.000000e+00
mn size: 36
CalculateAllIntegrals took 45 seconds
            Kinetic energy  2.152130e+00
 Nuclear attraction energy  -7.535878e+00
       Two-electron energy  1.626423e+00
 Nuclear  repulsion energy  2.288854e+00
              Total energy  -1.468470e+00
CalculateEnergies took 0 seconds
Highest error: 8.818318e-03
---------------------------------------------------
Start iteration step: 13
Spin orbital indices list for update : 0 1 2 3 4 5 
CalculateLagrangeMultiplier took 0 seconds
Lagrange Multiplier: -9.521642e-01  0.000000e+00  6.402452e-08  0.000000e+00  1.708239e-03  0.000000e+00
 0.000000e+00 -8.702340e-01  0.000000e+00  1.801258e-08  0.000000e+00 -5.684404e-03
 5.041899e-08  0.000000e+00 -2.871224e-01  0.000000e+00 -1.396118e-08  0.000000e+00
 0.000000e+00  1.591018e-07  0.000000e+00 -6.730298e-03  0.000000e+00  5.368994e-10
-1.656264e-02  0.000000e+00  5.918412e-07  0.000000e+00 -9.379722e-03  0.000000e+00
 0.000000e+00 -6.862283e-04  0.000000e+00  1.575012e-08  0.000000e+00 -5.271344e-03
Error of Orbital 0: 1.324184e-04
Error of Orbital 1: 1.710612e-04
Error of Orbital 2: 1.223908e-03
Error of Orbital 3: 1.952149e-03
Error of Orbital 4: 6.485215e-03
Error of Orbital 5: 7.011560e-03
GetAllActiveSpinorbitalUpdates took 40 seconds
UpdateOrbitals took 41 seconds
Orthonormalize orbitals
Update Integrals
One body integrals: -2.092753e+00  0.000000e+00 -2.097284e-07  0.000000e+00 -2.343398e-01  0.000000e+00
 0.000000e+00 -2.120628e+00  0.000000e+00  4.458002e-07  0.000000e+00 -1.481046e-01
-2.097284e-07  0.000000e+00 -1.182354e+00  0.000000e+00  2.114405e-07  0.000000e+00
 0.000000e+00  4.458002e-07  0.000000e+00 -1.276673e+00  0.000000e+00  7.477487e-07
-2.343398e-01  0.000000e+00  2.115418e-07  0.000000e+00 -6.563739e-01  0.000000e+00
 0.000000e+00 -1.481046e-01  0.000000e+00  7.478281e-07  0.000000e+00 -5.342907e-01
Alpha Overlap matrix: 
 1.000000e+00 -1.671163e-13  3.601060e-11
-1.671111e-13  1.000000e+00 -3.643073e-11
 3.601059e-11 -3.643072e-11  1.000000e+00
Beta Overlap matrix: 
 1.000000e+00 -1.231994e-11 -1.453675e-11
-1.231993e-11  1.000000e+00  4.934421e-13
-1.453677e-11  4.934525e-13  1.000000e+00
mn size: 36
CalculateAllIntegrals took 46 seconds
            Kinetic energy  2.151393e+00
 Nuclear attraction energy  -7.534780e+00
       Two-electron energy  1.626058e+00
 Nuclear  repulsion energy  2.288854e+00
              Total energy  -1.468475e+00
CalculateEnergies took 0 seconds
Highest error: 7.011560e-03
---------------------------------------------------
Start iteration step: 14
Spin orbital indices list for update : 0 1 2 3 4 5 
CalculateLagrangeMultiplier took 0 seconds
Lagrange Multiplier: -9.522639e-01  0.000000e+00  3.499367e-08  0.000000e+00  1.664004e-03  0.000000e+00
 0.000000e+00 -8.705241e-01  0.000000e+00  1.773324e-08  0.000000e+00 -5.717171e-03
 2.163884e-08  0.000000e+00 -2.870997e-01  0.000000e+00 -1.311204e-08  0.000000e+00
 0.000000e+00  1.645931e-07  0.000000e+00 -6.729289e-03  0.000000e+00  1.511176e-09
-1.655230e-02  0.000000e+00  6.606072e-07  0.000000e+00 -9.381171e-03  0.000000e+00
 0.000000e+00 -6.354156e-04  0.000000e+00  1.752938e-08  0.000000e+00 -5.272948e-03
Error of Orbital 0: 1.041225e-04
Error of Orbital 1: 1.224750e-04
Error of Orbital 2: 8.634055e-04
Error of Orbital 3: 1.534240e-03
Error of Orbital 4: 5.114053e-03
Error of Orbital 5: 5.569574e-03
GetAllActiveSpinorbitalUpdates took 40 seconds
UpdateOrbitals took 40 seconds
Orthonormalize orbitals
Update Integrals
One body integrals: -2.092745e+00  0.000000e+00 -2.905358e-07  0.000000e+00 -2.350729e-01  0.000000e+00
 0.000000e+00 -2.120692e+00  0.000000e+00  4.373076e-07  0.000000e+00 -1.488601e-01
-2.905358e-07  0.000000e+00 -1.182045e+00  0.000000e+00  3.113782e-07  0.000000e+00
 0.000000e+00  4.373076e-07  0.000000e+00 -1.276816e+00  0.000000e+00  8.013928e-07
-2.350729e-01  0.000000e+00  3.114799e-07  0.000000e+00 -6.561231e-01  0.000000e+00
 0.000000e+00 -1.488601e-01  0.000000e+00  8.014727e-07  0.000000e+00 -5.330022e-01
Alpha Overlap matrix: 
 1.000000e+00 -1.906097e-13  3.639251e-11
-1.906132e-13  1.000000e+00 -3.696917e-11
 3.639252e-11 -3.696916e-11  1.000000e+00
Beta Overlap matrix: 
 1.000000e+00 -1.244659e-11 -1.471410e-11
-1.244658e-11  1.000000e+00  5.059703e-13
-1.471410e-11  5.059841e-13  1.000000e+00
mn size: 36
CalculateAllIntegrals took 46 seconds
            Kinetic energy  2.150874e+00
 Nuclear attraction energy  -7.534007e+00
       Two-electron energy  1.625801e+00
 Nuclear  repulsion energy  2.288854e+00
              Total energy  -1.468478e+00
CalculateEnergies took 0 seconds
Highest error: 5.569574e-03
---------------------------------------------------
Start iteration step: 15
Spin orbital indices list for update : 0 1 2 3 4 5 
CalculateLagrangeMultiplier took 0 seconds
Lagrange Multiplier: -9.523332e-01  0.000000e+00  2.714978e-09  0.000000e+00  1.629834e-03  0.000000e+00
 0.000000e+00 -8.707293e-01  0.000000e+00  1.741876e-08  0.000000e+00 -5.742508e-03
-9.881437e-09  0.000000e+00 -2.870835e-01  0.000000e+00 -1.354582e-08  0.000000e+00
 0.000000e+00  1.615200e-07  0.000000e+00 -6.728900e-03  0.000000e+00  2.889454e-09
-1.654068e-02  0.000000e+00  7.566519e-07  0.000000e+00 -9.382043e-03  0.000000e+00
 0.000000e+00 -5.943547e-04  0.000000e+00  1.949891e-08  0.000000e+00 -5.273930e-03
Error of Orbital 0: 8.221334e-05
Error of Orbital 1: 8.910352e-05
Error of Orbital 2: 6.112950e-04
Error of Orbital 3: 1.206102e-03
Error of Orbital 4: 4.033999e-03
Error of Orbital 5: 4.420373e-03
GetAllActiveSpinorbitalUpdates took 40 seconds
UpdateOrbitals took 40 seconds
Orthonormalize orbitals
Update Integrals
One body integrals: -2.092739e+00  0.000000e+00 -3.779103e-07  0.000000e+00 -2.356446e-01  0.000000e+00
 0.000000e+00 -2.120739e+00  0.000000e+00  4.333291e-07  0.000000e+00 -1.494542e-01
-3.779103e-07  0.000000e+00 -1.181827e+00  0.000000e+00  4.202523e-07  0.000000e+00
 0.000000e+00  4.333291e-07  0.000000e+00 -1.276929e+00  0.000000e+00  8.542130e-07
-2.356446e-01  0.000000e+00  4.203542e-07  0.000000e+00 -6.558828e-01  0.000000e+00
 0.000000e+00 -1.494542e-01  0.000000e+00  8.542932e-07  0.000000e+00 -5.319744e-01
Alpha Overlap matrix: 
 1.000000e+00 -2.175517e-13  3.552018e-11
-2.175482e-13  1.000000e+00 -3.617649e-11
 3.552017e-11 -3.617651e-11  1.000000e+00
Beta Overlap matrix: 
 1.000000e+00 -1.254255e-11 -1.485468e-11
-1.254255e-11  1.000000e+00  5.176901e-13
-1.485467e-11  5.177109e-13  1.000000e+00
mn size: 36
CalculateAllIntegrals took 45 seconds
            Kinetic energy  2.150507e+00
 Nuclear attraction energy  -7.533461e+00
       Two-electron energy  1.625619e+00
 Nuclear  repulsion energy  2.288854e+00
              Total energy  -1.468479e+00
CalculateEnergies took 0 seconds
Highest error: 4.420373e-03
---------------------------------------------------
Start iteration step: 16
Spin orbital indices list for update : 0 1 2 3 4 5 
CalculateLagrangeMultiplier took 0 seconds
Lagrange Multiplier: -9.523814e-01  0.000000e+00 -3.277825e-08  0.000000e+00  1.603371e-03  0.000000e+00
 0.000000e+00 -8.708751e-01  0.000000e+00  1.707074e-08  0.000000e+00 -5.762149e-03
-4.433403e-08  0.000000e+00 -2.870719e-01  0.000000e+00 -1.439591e-08  0.000000e+00
 0.000000e+00  1.550065e-07  0.000000e+00 -6.728876e-03  0.000000e+00  4.494499e-09
-1.652916e-02  0.000000e+00  8.611763e-07  0.000000e+00 -9.382548e-03  0.000000e+00
 0.000000e+00 -5.613823e-04  0.000000e+00  2.157345e-08  0.000000e+00 -5.274515e-03
Error of Orbital 0: 6.515395e-05
Error of Orbital 1: 6.613631e-05
Error of Orbital 2: 4.343885e-04
Error of Orbital 3: 9.484252e-04
Error of Orbital 4: 3.182629e-03
Error of Orbital 5: 3.505566e-03
GetAllActiveSpinorbitalUpdates took 40 seconds
UpdateOrbitals took 40 seconds
Orthonormalize orbitals
Update Integrals
One body integrals: -2.092734e+00  0.000000e+00 -4.709639e-07  0.000000e+00 -2.360910e-01  0.000000e+00
 0.000000e+00 -2.120774e+00  0.000000e+00  4.290520e-07  0.000000e+00 -1.499218e-01
-4.709639e-07  0.000000e+00 -1.181671e+00  0.000000e+00  5.382703e-07  0.000000e+00
 0.000000e+00  4.290520e-07  0.000000e+00 -1.277020e+00  0.000000e+00  9.062046e-07
-2.360910e-01  0.000000e+00  5.383725e-07  0.000000e+00 -6.556638e-01  0.000000e+00
 0.000000e+00 -1.499218e-01  0.000000e+00  9.062851e-07  0.000000e+00 -5.311554e-01
Alpha Overlap matrix: 
 1.000000e+00 -2.451407e-13  3.607810e-11
-2.451442e-13  1.000000e+00 -3.685713e-11
 3.607810e-11 -3.685711e-11  1.000000e+00
Beta Overlap matrix: 
 1.000000e+00 -1.261855e-11 -1.496576e-11
-1.261856e-11  1.000000e+00  5.287229e-13
-1.496576e-11  5.287021e-13  1.000000e+00
mn size: 36
CalculateAllIntegrals took 46 seconds
            Kinetic energy  2.150247e+00
 Nuclear attraction energy  -7.533073e+00
       Two-electron energy  1.625491e+00
 Nuclear  repulsion energy  2.288854e+00
              Total energy  -1.468480e+00
CalculateEnergies took 0 seconds
Highest error: 3.505566e-03
---------------------------------------------------
Start iteration step: 17
Spin orbital indices list for update : 0 1 2 3 4 5 
CalculateLagrangeMultiplier took 0 seconds
Lagrange Multiplier: -9.524150e-01  0.000000e+00 -7.097663e-08  0.000000e+00  1.582832e-03  0.000000e+00
