Deleted: /workspaces/MRA-OrbitalOptimization/automate_process/tmp4/F.MPS.GS.0
Deleted: /workspaces/MRA-OrbitalOptimization/automate_process/tmp4/F.MPS.GS.1
Deleted: /workspaces/MRA-OrbitalOptimization/automate_process/tmp4/F.MPS.GS.2
Deleted: /workspaces/MRA-OrbitalOptimization/automate_process/tmp4/F.MPS.INFO.GS.LEFT.0
Deleted: /workspaces/MRA-OrbitalOptimization/automate_process/tmp4/F.MPS.INFO.GS.RIGHT.0
Deleted: /workspaces/MRA-OrbitalOptimization/automate_process/tmp4/F.MPS.INFO.GS.LEFT.1
Deleted: /workspaces/MRA-OrbitalOptimization/automate_process/tmp4/F.MPS.INFO.GS.RIGHT.1
Deleted: /workspaces/MRA-OrbitalOptimization/automate_process/tmp4/F.MPS.INFO.GS.LEFT.2
Deleted: /workspaces/MRA-OrbitalOptimization/automate_process/tmp4/F.MPS.INFO.GS.RIGHT.2
Deleted: /workspaces/MRA-OrbitalOptimization/automate_process/tmp4/F.MPS.INFO.GS.LEFT.3
Deleted: /workspaces/MRA-OrbitalOptimization/automate_process/tmp4/F.MPS.INFO.GS.RIGHT.3
Deleted: /workspaces/MRA-OrbitalOptimization/automate_process/tmp4/F.MPS.GS.-1
Deleted: /workspaces/MRA-OrbitalOptimization/automate_process/tmp4/GS-mps_info.bin
Deleted: /workspaces/MRA-OrbitalOptimization/automate_process/tmp4/F.MPS.INFO.PDM-KET@TMP.LEFT.0
Deleted: /workspaces/MRA-OrbitalOptimization/automate_process/tmp4/F.MPS.INFO.PDM-KET@TMP.RIGHT.0
Deleted: /workspaces/MRA-OrbitalOptimization/automate_process/tmp4/F.MPS.INFO.PDM-KET@TMP.LEFT.1
Deleted: /workspaces/MRA-OrbitalOptimization/automate_process/tmp4/F.MPS.INFO.PDM-KET@TMP.RIGHT.1
Deleted: /workspaces/MRA-OrbitalOptimization/automate_process/tmp4/F.MPS.INFO.PDM-KET@TMP.LEFT.2
Deleted: /workspaces/MRA-OrbitalOptimization/automate_process/tmp4/F.MPS.INFO.PDM-KET@TMP.RIGHT.2
Deleted: /workspaces/MRA-OrbitalOptimization/automate_process/tmp4/F.MPS.INFO.PDM-KET@TMP.LEFT.3
Deleted: /workspaces/MRA-OrbitalOptimization/automate_process/tmp4/F.MPS.INFO.PDM-KET@TMP.RIGHT.3
Deleted: /workspaces/MRA-OrbitalOptimization/automate_process/tmp4/F.MPS.PDM-KET@TMP.0
Deleted: /workspaces/MRA-OrbitalOptimization/automate_process/tmp4/F.MPS.PDM-KET@TMP.1
Deleted: /workspaces/MRA-OrbitalOptimization/automate_process/tmp4/F.MPS.PDM-KET@TMP.2
Deleted: /workspaces/MRA-OrbitalOptimization/automate_process/tmp4/F.MPS.PDM-KET@TMP.-1
Deleted: /workspaces/MRA-OrbitalOptimization/automate_process/tmp4/F0.PART.NPDM.NPDM.FRAG.1.fpc
Deleted: /workspaces/MRA-OrbitalOptimization/automate_process/tmp4/F0.PART.NPDM.NPDM.FRAG.0.fpc
converged SCF energy = -1.38618783196993  <S^2> = 0.77037693  2S+1 = 2.0202742
DMRG energy:  -1.4047795838811838
Save OrbitalTranslator Json file
Orbital Translator output:
MADNESS runtime initialized with 3 threads in the pool and affinity OFF
Alpha matrix: 
 3.996213e-01  9.647349e-01 -8.154608e-01
 3.996213e-01 -9.647349e-01 -8.154608e-01
 3.749467e-01 -1.142850e-15  1.507330e+00
Beta matrix: 
 2.791235e-01  9.647349e-01 -8.641548e-01
 2.791235e-01 -9.647349e-01 -8.641548e-01
 5.862749e-01 -1.952249e-16  1.438370e+00

Save SpinorbOpt Json file
Run Spin orbital refinement at bondlength  1.0
MADNESS runtime initialized with 3 threads in the pool and affinity OFF
Read orbitals and calculate the integrals
constructed nuclear correlation factor of the form
    R   =  1.000000e+00
with eprec  1.000000e-04
which means it's (nearly) a conventional calculation

Enuc: 
1.914214e+00
Frozen occupied spin orbitals: 
Active space spin orbitals indicies: 0 1 2 3 4 5 
ReadOrbitals took 0 seconds
ReadRDMFiles took 0 seconds
Alpha Beta rdms 
 9.948565e-01  0.000000e+00 -3.514971e-20  0.000000e+00 -3.122502e-17  0.000000e+00
 0.000000e+00  9.851435e-01  0.000000e+00  1.710215e-18  0.000000e+00 -1.734723e-18
-3.514971e-20  0.000000e+00  9.902870e-01  0.000000e+00 -2.505950e-17  0.000000e+00
 0.000000e+00  1.710215e-18  0.000000e+00  9.713032e-03  0.000000e+00  1.762070e-19
-3.171291e-17  0.000000e+00 -2.505950e-17  0.000000e+00  1.485655e-02  0.000000e+00
 0.000000e+00  6.505213e-19  0.000000e+00  1.762070e-19  0.000000e+00  5.143518e-03
orbitals_rotate 6
alpha beta orbs 6
One body integrals: -1.869620e+00  0.000000e+00  7.596504e-08  0.000000e+00 -9.157656e-02  0.000000e+00
 0.000000e+00 -1.877760e+00  0.000000e+00  1.276478e-07  0.000000e+00  1.596217e-02
 7.596504e-08  0.000000e+00 -1.190849e+00  0.000000e+00  4.869640e-07  0.000000e+00
 0.000000e+00  1.276478e-07  0.000000e+00 -1.190849e+00  0.000000e+00  4.760364e-07
-9.157656e-02  0.000000e+00  4.869640e-07  0.000000e+00 -8.787657e-01  0.000000e+00
 0.000000e+00  1.596217e-02  0.000000e+00  4.760364e-07  0.000000e+00 -8.706260e-01
Alpha Overlap matrix: 
1.000000e+00 7.162351e-11 2.328416e-10
7.162351e-11 1.000000e+00 2.630691e-10
2.328416e-10 2.630691e-10 1.000000e+00
Beta Overlap matrix: 
 1.000000e+00  9.936753e-11 -4.436668e-10
 9.936753e-11  1.000000e+00  2.538919e-10
-4.436668e-10  2.538919e-10  1.000000e+00
mn size: 36
CalculateAllIntegrals took 39 seconds
---------------------------------------------------
Start spin orbital optimization
Calculate initial energies: 
            Kinetic energy  2.328468e+00
 Nuclear attraction energy  -7.246717e+00
       Two-electron energy  1.599290e+00
 Nuclear  repulsion energy  1.914214e+00
              Total energy  -1.404746e+00
CalculateEnergies took 0 seconds
---------------------------------------------------
Start iteration step: 1
Spin orbital indices list for update : 0 1 2 3 4 5 
CalculateLagrangeMultiplier took 0 seconds
Lagrange Multiplier: -8.128072e-01  0.000000e+00  7.929158e-08  0.000000e+00  1.015503e-02  0.000000e+00
 0.000000e+00 -6.819399e-01  0.000000e+00  1.739157e-09  0.000000e+00 -3.252230e-03
 9.284245e-08  0.000000e+00 -1.899040e-01  0.000000e+00  5.853453e-09  0.000000e+00
 0.000000e+00  1.301450e-07  0.000000e+00 -1.026313e-02  0.000000e+00  2.071856e-09
 1.015559e-02  0.000000e+00  4.884277e-07  0.000000e+00 -1.593493e-02  0.000000e+00
 0.000000e+00 -3.249565e-03  0.000000e+00  4.749188e-09  0.000000e+00 -8.821156e-03
Error of Orbital 0: 5.488592e-02
Error of Orbital 1: 4.354261e-02
Error of Orbital 2: 3.857771e-01
Error of Orbital 3: 5.809736e-02
Error of Orbital 4: 1.696582e-01
Error of Orbital 5: 1.308284e-01
GetAllActiveSpinorbitalUpdates took 36 seconds
UpdateOrbitals took 36 seconds
Orthonormalize orbitals
Update Integrals
One body integrals: -1.904516e+00  0.000000e+00  8.518470e-08  0.000000e+00 -7.996710e-02  0.000000e+00
 0.000000e+00 -1.905452e+00  0.000000e+00  1.405238e-07  0.000000e+00  3.102742e-03
 8.518470e-08  0.000000e+00 -1.180421e+00  0.000000e+00  2.367795e-08  0.000000e+00
 0.000000e+00  1.405238e-07  0.000000e+00 -1.193417e+00  0.000000e+00 -2.598488e-07
-7.996710e-02  0.000000e+00  2.367795e-08  0.000000e+00 -8.778778e-01  0.000000e+00
 0.000000e+00  3.102742e-03  0.000000e+00 -2.598488e-07  0.000000e+00 -9.250086e-01
Alpha Overlap matrix: 
 1.000000e+00  6.055295e-13  1.239502e-12
 6.055399e-13  1.000000e+00 -2.534604e-14
 1.239508e-12 -2.535645e-14  1.000000e+00
Beta Overlap matrix: 
 1.000000e+00 -2.460566e-13 -2.143355e-13
-2.460549e-13  1.000000e+00  5.087944e-15
-2.143355e-13  5.098352e-15  1.000000e+00
mn size: 36
CalculateAllIntegrals took 45 seconds
            Kinetic energy  1.969072e+00
 Nuclear attraction energy  -6.939282e+00
       Two-electron energy  1.526197e+00
 Nuclear  repulsion energy  1.914214e+00
              Total energy  -1.529799e+00
CalculateEnergies took 0 seconds
Highest error: 3.857771e-01
---------------------------------------------------
Start iteration step: 2
Spin orbital indices list for update : 0 1 2 3 4 5 
CalculateLagrangeMultiplier took 0 seconds
Lagrange Multiplier: -8.582214e-01  0.000000e+00  1.092090e-07  0.000000e+00  8.055004e-03  0.000000e+00
 0.000000e+00 -7.462022e-01  0.000000e+00  5.070732e-09  0.000000e+00 -2.576231e-03
 1.101865e-07  0.000000e+00 -2.796640e-01  0.000000e+00 -1.014247e-08  0.000000e+00
 0.000000e+00  4.472161e-08  0.000000e+00 -9.360231e-03  0.000000e+00  6.701586e-10
 2.958677e-03  0.000000e+00  9.104623e-08  0.000000e+00 -1.525208e-02  0.000000e+00
 0.000000e+00  1.534683e-02  0.000000e+00  4.554341e-09  0.000000e+00 -9.115397e-03
Error of Orbital 0: 2.445450e-02
Error of Orbital 1: 3.749548e-02
Error of Orbital 2: 7.987253e-02
Error of Orbital 3: 1.981396e-02
Error of Orbital 4: 9.052297e-02
Error of Orbital 5: 3.183934e-02
GetAllActiveSpinorbitalUpdates took 40 seconds
UpdateOrbitals took 41 seconds
Orthonormalize orbitals
Update Integrals
One body integrals: -1.916523e+00  0.000000e+00  1.376787e-07  0.000000e+00 -9.784658e-02  0.000000e+00
 0.000000e+00 -1.924698e+00  0.000000e+00  2.121440e-07  0.000000e+00  8.909815e-03
 1.376787e-07  0.000000e+00 -1.163737e+00  0.000000e+00 -5.632123e-08  0.000000e+00
 0.000000e+00  2.121440e-07  0.000000e+00 -1.194268e+00  0.000000e+00  2.292106e-08
-9.784658e-02  0.000000e+00 -5.632123e-08  0.000000e+00 -8.992534e-01  0.000000e+00
 0.000000e+00  8.909815e-03  0.000000e+00  2.292107e-08  0.000000e+00 -9.184009e-01
Alpha Overlap matrix: 
 1.000000e+00 -1.265394e-14  8.868774e-14
-1.264613e-14  1.000000e+00 -2.087740e-14
 8.868947e-14 -2.087740e-14  1.000000e+00
Beta Overlap matrix: 
 1.000000e+00 -4.227469e-13 -3.943582e-13
-4.227382e-13  1.000000e+00  8.723057e-15
-3.943651e-13  8.729996e-15  1.000000e+00
mn size: 36
CalculateAllIntegrals took 48 seconds
            Kinetic energy  1.958007e+00
 Nuclear attraction energy  -6.942894e+00
       Two-electron energy  1.529270e+00
 Nuclear  repulsion energy  1.914214e+00
              Total energy  -1.541404e+00
CalculateEnergies took 0 seconds
Highest error: 9.052297e-02
---------------------------------------------------
Start iteration step: 3
Spin orbital indices list for update : 0 1 2 3 4 5 
CalculateLagrangeMultiplier took 0 seconds
Lagrange Multiplier: -8.581574e-01  0.000000e+00  1.557967e-07  0.000000e+00  7.659763e-03  0.000000e+00
 0.000000e+00 -7.567847e-01  0.000000e+00  3.810699e-09  0.000000e+00 -3.370653e-03
 1.613514e-07  0.000000e+00 -2.779468e-01  0.000000e+00 -1.273480e-08  0.000000e+00
 0.000000e+00  1.131686e-07  0.000000e+00 -8.998768e-03  0.000000e+00  4.171221e-09
 5.214959e-04  0.000000e+00 -1.284515e-08  0.000000e+00 -1.532695e-02  0.000000e+00
 0.000000e+00  2.037922e-02  0.000000e+00  4.097246e-09  0.000000e+00 -9.132679e-03
Error of Orbital 0: 8.184159e-03
Error of Orbital 1: 1.738180e-02
Error of Orbital 2: 5.226352e-02
Error of Orbital 3: 1.426403e-02
Error of Orbital 4: 4.721074e-02
Error of Orbital 5: 3.149977e-02
GetAllActiveSpinorbitalUpdates took 42 seconds
UpdateOrbitals took 42 seconds
Orthonormalize orbitals
Update Integrals
One body integrals: -1.920048e+00  0.000000e+00  2.049315e-07  0.000000e+00 -1.076902e-01  0.000000e+00
 0.000000e+00 -1.932656e+00  0.000000e+00  2.488547e-07  0.000000e+00  4.617855e-03
 2.049315e-07  0.000000e+00 -1.150630e+00  0.000000e+00  2.578688e-07  0.000000e+00
 0.000000e+00  2.488547e-07  0.000000e+00 -1.194856e+00  0.000000e+00 -1.175654e-08
-1.076902e-01  0.000000e+00  2.578688e-07  0.000000e+00 -9.051894e-01  0.000000e+00
 0.000000e+00  4.617855e-03  0.000000e+00 -1.182555e-08  0.000000e+00 -9.075291e-01
Alpha Overlap matrix: 
 1.000000e+00  2.416730e-14 -5.747139e-15
 2.415082e-14  1.000000e+00  3.689410e-14
-5.745404e-15  3.689063e-14  1.000000e+00
Beta Overlap matrix: 
 1.000000e+00 -8.073524e-13 -7.628065e-13
-8.073577e-13  1.000000e+00  1.095131e-14
-7.627995e-13  1.095131e-14  1.000000e+00
mn size: 36
CalculateAllIntegrals took 46 seconds
            Kinetic energy  1.941364e+00
 Nuclear attraction energy  -6.924654e+00
       Two-electron energy  1.524225e+00
 Nuclear  repulsion energy  1.914214e+00
              Total energy  -1.544852e+00
CalculateEnergies took 0 seconds
Highest error: 5.226352e-02
---------------------------------------------------
Start iteration step: 4
Spin orbital indices list for update : 0 1 2 3 4 5 
CalculateLagrangeMultiplier took 0 seconds
Lagrange Multiplier: -8.593048e-01  0.000000e+00  1.856610e-07  0.000000e+00  7.048651e-03  0.000000e+00
 0.000000e+00 -7.650082e-01  0.000000e+00 -1.695244e-08  0.000000e+00 -3.884840e-03
 1.961625e-07  0.000000e+00 -2.772903e-01  0.000000e+00 -4.118272e-09  0.000000e+00
 0.000000e+00  1.543488e-07  0.000000e+00 -8.784015e-03  0.000000e+00  6.423908e-09
-6.418167e-04  0.000000e+00 -3.549485e-08  0.000000e+00 -1.528940e-02  0.000000e+00
 0.000000e+00  2.244293e-02  0.000000e+00  1.819745e-09  0.000000e+00 -9.164241e-03
Error of Orbital 0: 3.044661e-03
Error of Orbital 1: 9.204083e-03
Error of Orbital 2: 3.492076e-02
Error of Orbital 3: 1.142632e-02
Error of Orbital 4: 3.612913e-02
Error of Orbital 5: 2.767718e-02
GetAllActiveSpinorbitalUpdates took 42 seconds
UpdateOrbitals took 42 seconds
Orthonormalize orbitals
Update Integrals
One body integrals: -1.921135e+00  0.000000e+00  1.831871e-07  0.000000e+00 -1.148925e-01  0.000000e+00
 0.000000e+00 -1.936667e+00  0.000000e+00  1.849337e-07  0.000000e+00 -1.483450e-04
 1.831871e-07  0.000000e+00 -1.141139e+00  0.000000e+00 -3.764349e-07  0.000000e+00
 0.000000e+00  1.849337e-07  0.000000e+00 -1.195413e+00  0.000000e+00  3.331857e-08
-1.148925e-01  0.000000e+00 -3.764349e-07  0.000000e+00 -9.080062e-01  0.000000e+00
 0.000000e+00 -1.483450e-04  0.000000e+00  3.325302e-08  0.000000e+00 -8.986334e-01
Alpha Overlap matrix: 
 1.000000e+00 -2.339622e-14 -8.875366e-14
-2.341877e-14  1.000000e+00 -3.558265e-14
-8.875019e-14 -3.557744e-14  1.000000e+00
Beta Overlap matrix: 
 1.000000e+00 -1.289947e-12 -1.233978e-12
-1.289946e-12  1.000000e+00  1.088886e-14
-1.233985e-12  1.087672e-14  1.000000e+00
mn size: 36
CalculateAllIntegrals took 45 seconds
            Kinetic energy  1.926548e+00
 Nuclear attraction energy  -6.905475e+00
       Two-electron energy  1.518530e+00
 Nuclear  repulsion energy  1.914214e+00
              Total energy  -1.546184e+00
CalculateEnergies took 0 seconds
Highest error: 3.612913e-02
---------------------------------------------------
Start iteration step: 5
Spin orbital indices list for update : 0 1 2 3 4 5 
CalculateLagrangeMultiplier took 0 seconds
Lagrange Multiplier: -8.606837e-01  0.000000e+00  2.097531e-07  0.000000e+00  6.537640e-03  0.000000e+00
 0.000000e+00 -7.711484e-01  0.000000e+00  3.199622e-08  0.000000e+00 -4.276909e-03
 1.985588e-07  0.000000e+00 -2.769079e-01  0.000000e+00 -7.677673e-09  0.000000e+00
 0.000000e+00  1.851906e-07  0.000000e+00 -8.660977e-03  0.000000e+00 -7.922021e-09
-1.322831e-03  0.000000e+00  1.288984e-07  0.000000e+00 -1.527409e-02  0.000000e+00
 0.000000e+00  2.360011e-02  0.000000e+00  2.092330e-09  0.000000e+00 -9.192268e-03
Error of Orbital 0: 1.493584e-03
Error of Orbital 1: 5.521126e-03
Error of Orbital 2: 2.378781e-02
Error of Orbital 3: 9.360101e-03
Error of Orbital 4: 2.783927e-02
Error of Orbital 5: 2.259409e-02
GetAllActiveSpinorbitalUpdates took 40 seconds
UpdateOrbitals took 41 seconds
Orthonormalize orbitals
Update Integrals
One body integrals: -1.921505e+00  0.000000e+00  1.581653e-07  0.000000e+00 -1.203330e-01  0.000000e+00
 0.000000e+00 -1.939007e+00  0.000000e+00  4.186683e-07  0.000000e+00 -4.271441e-03
 1.581653e-07  0.000000e+00 -1.134393e+00  0.000000e+00 -2.336314e-07  0.000000e+00
 0.000000e+00  4.186683e-07  0.000000e+00 -1.195908e+00  0.000000e+00 -1.733597e-08
-1.203330e-01  0.000000e+00 -2.336314e-07  0.000000e+00 -9.093619e-01  0.000000e+00
 0.000000e+00 -4.271441e-03  0.000000e+00 -1.740005e-08  0.000000e+00 -8.920677e-01
Alpha Overlap matrix: 
 1.000000e+00 -5.558661e-14 -1.543869e-13
-5.559095e-14  1.000000e+00 -8.551666e-14
-1.543869e-13 -8.552187e-14  1.000000e+00
Beta Overlap matrix: 
 1.000000e+00 -1.735806e-12 -1.677651e-12
-1.735806e-12  1.000000e+00  1.483882e-14
-1.677672e-12  1.483015e-14  1.000000e+00
mn size: 36
CalculateAllIntegrals took 46 seconds
            Kinetic energy  1.915421e+00
 Nuclear attraction energy  -6.890333e+00
       Two-electron energy  1.513932e+00
 Nuclear  repulsion energy  1.914214e+00
              Total energy  -1.546766e+00
CalculateEnergies took 0 seconds
Highest error: 2.783927e-02
---------------------------------------------------
Start iteration step: 6
Spin orbital indices list for update : 0 1 2 3 4 5 
CalculateLagrangeMultiplier took 0 seconds
Lagrange Multiplier: -8.618332e-01  0.000000e+00  1.922825e-07  0.000000e+00  6.135542e-03  0.000000e+00
 0.000000e+00 -7.755434e-01  0.000000e+00  2.830609e-08  0.000000e+00 -4.575718e-03
 1.845013e-07  0.000000e+00 -2.766014e-01  0.000000e+00 -2.332215e-08  0.000000e+00
 0.000000e+00  1.287099e-07  0.000000e+00 -8.590085e-03  0.000000e+00 -2.003553e-09
-1.776508e-03  0.000000e+00  2.007607e-07  0.000000e+00 -1.526765e-02  0.000000e+00
 0.000000e+00  2.433379e-02  0.000000e+00  6.337145e-09  0.000000e+00 -9.211630e-03
Error of Orbital 0: 9.183835e-04
Error of Orbital 1: 3.589674e-03
Error of Orbital 2: 1.646365e-02
Error of Orbital 3: 7.441424e-03
Error of Orbital 4: 2.133041e-02
Error of Orbital 5: 1.793654e-02
GetAllActiveSpinorbitalUpdates took 41 seconds
UpdateOrbitals took 41 seconds
Orthonormalize orbitals
Update Integrals
One body integrals: -1.921652e+00  0.000000e+00  1.475448e-07  0.000000e+00 -1.244744e-01  0.000000e+00
 0.000000e+00 -1.940502e+00  0.000000e+00  4.718714e-07  0.000000e+00 -7.586855e-03
 1.475448e-07  0.000000e+00 -1.129606e+00  0.000000e+00 -1.267023e-07  0.000000e+00
 0.000000e+00  4.718714e-07  0.000000e+00 -1.196320e+00  0.000000e+00 -7.093624e-08
-1.244744e-01  0.000000e+00 -1.267023e-07  0.000000e+00 -9.099459e-01  0.000000e+00
 0.000000e+00 -7.586855e-03  0.000000e+00 -7.099984e-08  0.000000e+00 -8.872258e-01
Alpha Overlap matrix: 
 1.000000e+00 -5.357780e-14 -2.048500e-13
-5.358214e-14  1.000000e+00 -8.329448e-14
-2.048500e-13 -8.328234e-14  1.000000e+00
Beta Overlap matrix: 
 1.000000e+00 -2.108357e-12 -2.051095e-12
-2.108366e-12  1.000000e+00  1.568190e-14
-2.051102e-12  1.567670e-14  1.000000e+00
mn size: 36
CalculateAllIntegrals took 45 seconds
            Kinetic energy  1.907511e+00
 Nuclear attraction energy  -6.879287e+00
       Two-electron energy  1.510528e+00
 Nuclear  repulsion energy  1.914214e+00
              Total energy  -1.547035e+00
CalculateEnergies took 0 seconds
Highest error: 2.133041e-02
---------------------------------------------------
Start iteration step: 7
Spin orbital indices list for update : 0 1 2 3 4 5 
CalculateLagrangeMultiplier took 0 seconds
Lagrange Multiplier: -8.626950e-01  0.000000e+00  1.848621e-07  0.000000e+00  5.826922e-03  0.000000e+00
 0.000000e+00 -7.786460e-01  0.000000e+00  2.119622e-08  0.000000e+00 -4.803064e-03
 1.789495e-07  0.000000e+00 -2.763440e-01  0.000000e+00 -2.262614e-08  0.000000e+00
 0.000000e+00  1.338658e-07  0.000000e+00 -8.548346e-03  0.000000e+00  1.106236e-10
-2.094192e-03  0.000000e+00  1.915245e-07  0.000000e+00 -1.526399e-02  0.000000e+00
 0.000000e+00  2.483070e-02  0.000000e+00  7.840043e-09  0.000000e+00 -9.223584e-03
Error of Orbital 0: 6.175529e-04
Error of Orbital 1: 2.442037e-03
Error of Orbital 2: 1.153417e-02
Error of Orbital 3: 5.772590e-03
Error of Orbital 4: 1.627244e-02
Error of Orbital 5: 1.403159e-02
GetAllActiveSpinorbitalUpdates took 41 seconds
UpdateOrbitals took 41 seconds
Orthonormalize orbitals
Update Integrals
One body integrals: -1.921722e+00  0.000000e+00  1.303025e-07  0.000000e+00 -1.276273e-01  0.000000e+00
 0.000000e+00 -1.941507e+00  0.000000e+00  4.604234e-07  0.000000e+00 -1.017802e-02
 1.303025e-07  0.000000e+00 -1.126197e+00  0.000000e+00 -1.335491e-07  0.000000e+00
 0.000000e+00  4.604234e-07  0.000000e+00 -1.196654e+00  0.000000e+00 -5.133849e-08
-1.276273e-01  0.000000e+00 -1.335491e-07  0.000000e+00 -9.101115e-01  0.000000e+00
 0.000000e+00 -1.017802e-02  0.000000e+00 -5.140199e-08  0.000000e+00 -8.835896e-01
Alpha Overlap matrix: 
 1.000000e+00 -5.545737e-14 -2.430486e-13
-5.545564e-14  1.000000e+00 -8.732945e-14
-2.430486e-13 -8.733899e-14  1.000000e+00
Beta Overlap matrix: 
 1.000000e+00 -2.404323e-12 -2.348975e-12
-2.404330e-12  1.000000e+00  1.417096e-14
-2.348975e-12  1.416055e-14  1.000000e+00
mn size: 36
CalculateAllIntegrals took 44 seconds
            Kinetic energy  1.901969e+00
 Nuclear attraction energy  -6.871417e+00
       Two-electron energy  1.508072e+00
 Nuclear  repulsion energy  1.914214e+00
              Total energy  -1.547163e+00
CalculateEnergies took 0 seconds
Highest error: 1.627244e-02
---------------------------------------------------
Start iteration step: 8
Spin orbital indices list for update : 0 1 2 3 4 5 
CalculateLagrangeMultiplier took 0 seconds
Lagrange Multiplier: -8.633191e-01  0.000000e+00  1.802226e-07  0.000000e+00  5.592739e-03  0.000000e+00
 0.000000e+00 -7.808356e-01  0.000000e+00  2.077296e-08  0.000000e+00 -4.975654e-03
 1.731545e-07  0.000000e+00 -2.761350e-01  0.000000e+00 -2.052397e-08  0.000000e+00
 0.000000e+00  1.506886e-07  0.000000e+00 -8.523304e-03  0.000000e+00  7.659653e-11
-2.319996e-03  0.000000e+00  1.805960e-07  0.000000e+00 -1.526111e-02  0.000000e+00
 0.000000e+00  2.517918e-02  0.000000e+00  9.202484e-09  0.000000e+00 -9.230396e-03
Error of Orbital 0: 4.280260e-04
Error of Orbital 1: 1.705418e-03
Error of Orbital 2: 8.153143e-03
Error of Orbital 3: 4.411696e-03
Error of Orbital 4: 1.237503e-02
Error of Orbital 5: 1.087619e-02
GetAllActiveSpinorbitalUpdates took 41 seconds
UpdateOrbitals took 41 seconds
Orthonormalize orbitals
Update Integrals
One body integrals: -1.921762e+00  0.000000e+00  1.095813e-07  0.000000e+00 -1.300238e-01  0.000000e+00
 0.000000e+00 -1.942204e+00  0.000000e+00  4.634682e-07  0.000000e+00 -1.217744e-02
 1.095813e-07  0.000000e+00 -1.123763e+00  0.000000e+00 -1.385815e-07  0.000000e+00
 0.000000e+00  4.634682e-07  0.000000e+00 -1.196921e+00  0.000000e+00 -4.295713e-08
-1.300238e-01  0.000000e+00 -1.385815e-07  0.000000e+00 -9.100587e-01  0.000000e+00
 0.000000e+00 -1.217744e-02  0.000000e+00 -4.302075e-08  0.000000e+00 -8.808218e-01
Alpha Overlap matrix: 
 1.000000e+00 -6.440508e-14 -2.714877e-13
-6.440681e-14  1.000000e+00 -1.028795e-13
-2.714912e-13 -1.028743e-13  1.000000e+00
Beta Overlap matrix: 
 1.000000e+00 -2.633288e-12 -2.580727e-12
-2.633286e-12  1.000000e+00  1.357595e-14
-2.580713e-12  1.356207e-14  1.000000e+00
mn size: 36
CalculateAllIntegrals took 45 seconds
            Kinetic energy  1.898089e+00
 Nuclear attraction energy  -6.865840e+00
       Two-electron energy  1.506313e+00
 Nuclear  repulsion energy  1.914214e+00
              Total energy  -1.547224e+00
CalculateEnergies took 0 seconds
Highest error: 1.237503e-02
---------------------------------------------------
Start iteration step: 9
Spin orbital indices list for update : 0 1 2 3 4 5 
CalculateLagrangeMultiplier took 0 seconds
Lagrange Multiplier: -8.637656e-01  0.000000e+00  1.749391e-07  0.000000e+00  5.416015e-03  0.000000e+00
 0.000000e+00 -7.823870e-01  0.000000e+00  2.189475e-08  0.000000e+00 -5.106398e-03
 1.668817e-07  0.000000e+00 -2.759711e-01  0.000000e+00 -2.006184e-08  0.000000e+00
 0.000000e+00  1.645574e-07  0.000000e+00 -8.508108e-03  0.000000e+00  5.191720e-11
-2.481235e-03  0.000000e+00  1.941193e-07  0.000000e+00 -1.525850e-02  0.000000e+00
 0.000000e+00  2.542822e-02  0.000000e+00  1.035646e-08  0.000000e+00 -9.233964e-03
Error of Orbital 0: 3.007751e-04
Error of Orbital 1: 1.210844e-03
Error of Orbital 2: 5.800697e-03
Error of Orbital 3: 3.343317e-03
Error of Orbital 4: 9.388305e-03
Error of Orbital 5: 8.377717e-03
GetAllActiveSpinorbitalUpdates took 41 seconds
UpdateOrbitals took 41 seconds
Orthonormalize orbitals
Update Integrals
One body integrals: -1.921787e+00  0.000000e+00  8.587253e-08  0.000000e+00 -1.318421e-01  0.000000e+00
 0.000000e+00 -1.942696e+00  0.000000e+00  4.812723e-07  0.000000e+00 -1.371037e-02
 8.587253e-08  0.000000e+00 -1.122017e+00  0.000000e+00 -1.328303e-07  0.000000e+00
 0.000000e+00  4.812723e-07  0.000000e+00 -1.197133e+00  0.000000e+00 -2.725628e-08
-1.318421e-01  0.000000e+00 -1.328303e-07  0.000000e+00 -9.099041e-01  0.000000e+00
 0.000000e+00 -1.371037e-02  0.000000e+00 -2.732008e-08  0.000000e+00 -8.787028e-01
Alpha Overlap matrix: 
 1.000000e+00 -7.136566e-14 -2.922697e-13
-7.137173e-14  1.000000e+00 -1.137042e-13
-2.922732e-13 -1.136972e-13  1.000000e+00
Beta Overlap matrix: 
 1.000000e+00 -2.807886e-12 -2.905474e-12
-2.807884e-12  1.000000e+00  1.375462e-14
-2.905488e-12  1.375983e-14  1.000000e+00
mn size: 36
CalculateAllIntegrals took 45 seconds
            Kinetic energy  1.895364e+00
 Nuclear attraction energy  -6.861884e+00
       Two-electron energy  1.505055e+00
 Nuclear  repulsion energy  1.914214e+00
              Total energy  -1.547253e+00
CalculateEnergies took 0 seconds
Highest error: 9.388305e-03
---------------------------------------------------
Start iteration step: 10
Spin orbital indices list for update : 0 1 2 3 4 5 
CalculateLagrangeMultiplier took 0 seconds
Lagrange Multiplier: -8.640838e-01  0.000000e+00  1.677102e-07  0.000000e+00  5.283015e-03  0.000000e+00
 0.000000e+00 -7.834915e-01  0.000000e+00  2.307886e-08  0.000000e+00 -5.205260e-03
 1.590919e-07  0.000000e+00 -2.758457e-01  0.000000e+00 -2.074504e-08  0.000000e+00
 0.000000e+00  1.747077e-07  0.000000e+00 -8.498857e-03  0.000000e+00  4.527539e-10
-2.596632e-03  0.000000e+00  2.187128e-07  0.000000e+00 -1.525614e-02  0.000000e+00
 0.000000e+00  2.560814e-02  0.000000e+00  1.172138e-08  0.000000e+00 -9.235609e-03
Error of Orbital 0: 2.132493e-04
Error of Orbital 1: 8.695077e-04
Error of Orbital 2: 4.146718e-03
Error of Orbital 3: 2.521419e-03
Error of Orbital 4: 7.108576e-03
Error of Orbital 5: 6.423485e-03
GetAllActiveSpinorbitalUpdates took 40 seconds
UpdateOrbitals took 41 seconds
Orthonormalize orbitals
Update Integrals
One body integrals: -1.921803e+00  0.000000e+00  5.966046e-08  0.000000e+00 -1.332193e-01  0.000000e+00
 0.000000e+00 -1.943048e+00  0.000000e+00  5.032958e-07  0.000000e+00 -1.488164e-02
 5.966046e-08  0.000000e+00 -1.120763e+00  0.000000e+00 -1.284590e-07  0.000000e+00
 0.000000e+00  5.032958e-07  0.000000e+00 -1.197301e+00  0.000000e+00 -2.960816e-08
-1.332193e-01  0.000000e+00 -1.284590e-07  0.000000e+00 -9.097129e-01  0.000000e+00
 0.000000e+00 -1.488164e-02  0.000000e+00 -2.967213e-08  0.000000e+00 -8.770790e-01
Alpha Overlap matrix: 
 1.000000e+00 -8.056403e-14 -3.086004e-13
-8.054842e-14  1.000000e+00 -1.293791e-13
-3.085969e-13 -1.293731e-13  1.000000e+00
Beta Overlap matrix: 
 1.000000e+00 -2.877070e-12 -3.398899e-12
-2.877077e-12  1.000000e+00  1.441555e-14
-3.398892e-12  1.442943e-14  1.000000e+00
mn size: 36
CalculateAllIntegrals took 45 seconds
            Kinetic energy  1.893440e+00
 Nuclear attraction energy  -6.859072e+00
       Two-electron energy  1.504153e+00
 Nuclear  repulsion energy  1.914214e+00
              Total energy  -1.547266e+00
CalculateEnergies took 0 seconds
Highest error: 7.108576e-03
---------------------------------------------------
Start iteration step: 11
Spin orbital indices list for update : 0 1 2 3 4 5 
CalculateLagrangeMultiplier took 0 seconds
Lagrange Multiplier: -8.643101e-01  0.000000e+00  1.591772e-07  0.000000e+00  5.183070e-03  0.000000e+00
 0.000000e+00 -7.842814e-01  0.000000e+00  2.443594e-08  0.000000e+00 -5.279901e-03
 1.498590e-07  0.000000e+00 -2.757512e-01  0.000000e+00 -2.167793e-08  0.000000e+00
 0.000000e+00  1.827999e-07  0.000000e+00 -8.493248e-03  0.000000e+00  8.081881e-10
-2.679312e-03  0.000000e+00  2.443500e-07  0.000000e+00 -1.525407e-02  0.000000e+00
 0.000000e+00  2.573853e-02  0.000000e+00  1.320079e-08  0.000000e+00 -9.236173e-03
Error of Orbital 0: 1.522792e-04
Error of Orbital 1: 6.295559e-04
Error of Orbital 2: 2.974993e-03
Error of Orbital 3: 1.895915e-03
Error of Orbital 4: 5.373681e-03
Error of Orbital 5: 4.907470e-03
GetAllActiveSpinorbitalUpdates took 39 seconds
UpdateOrbitals took 40 seconds
Orthonormalize orbitals
Update Integrals
One body integrals: -1.921814e+00  0.000000e+00  3.149839e-08  0.000000e+00 -1.342609e-01  0.000000e+00
 0.000000e+00 -1.943302e+00  0.000000e+00  5.265536e-07  0.000000e+00 -1.577345e-02
 3.149839e-08  0.000000e+00 -1.119860e+00  0.000000e+00 -1.207981e-07  0.000000e+00
 0.000000e+00  5.265536e-07  0.000000e+00 -1.197432e+00  0.000000e+00 -1.994941e-08
-1.342609e-01  0.000000e+00 -1.207981e-07  0.000000e+00 -9.095207e-01  0.000000e+00
 0.000000e+00 -1.577345e-02  0.000000e+00 -1.994941e-08  0.000000e+00 -8.758365e-01
Alpha Overlap matrix: 
 1.000000e+00 -9.090471e-14 -3.211806e-13
-9.090471e-14  1.000000e+00 -1.460065e-13
-3.211806e-13 -1.460082e-13  1.000000e+00
Beta Overlap matrix: 
 1.000000e+00 -2.975183e-12 -3.043760e-12
-2.975186e-12  1.000000e+00  1.606007e-14
-3.043760e-12  1.608262e-14  1.000000e+00
mn size: 36
CalculateAllIntegrals took 43 seconds
            Kinetic energy  1.892076e+00
 Nuclear attraction energy  -6.857068e+00
       Two-electron energy  1.503506e+00
 Nuclear  repulsion energy  1.914214e+00
              Total energy  -1.547271e+00
CalculateEnergies took 0 seconds
Highest error: 5.373681e-03
---------------------------------------------------
Start iteration step: 12
Spin orbital indices list for update : 0 1 2 3 4 5 
CalculateLagrangeMultiplier took 0 seconds
Lagrange Multiplier: -8.644709e-01  0.000000e+00  1.494604e-07  0.000000e+00  5.108033e-03  0.000000e+00
 0.000000e+00 -7.848484e-01  0.000000e+00  2.562109e-08  0.000000e+00 -5.336176e-03
 1.395951e-07  0.000000e+00 -2.756807e-01  0.000000e+00 -2.266241e-08  0.000000e+00
 0.000000e+00  1.899170e-07  0.000000e+00 -8.489888e-03  0.000000e+00  1.375683e-09
-2.738679e-03  0.000000e+00  2.705659e-07  0.000000e+00 -1.525230e-02  0.000000e+00
 0.000000e+00  2.583418e-02  0.000000e+00  1.487179e-08  0.000000e+00 -9.236169e-03
Error of Orbital 0: 1.094957e-04
Error of Orbital 1: 4.588038e-04
Error of Orbital 2: 2.140304e-03
Error of Orbital 3: 1.422756e-03
Error of Orbital 4: 4.056435e-03
Error of Orbital 5: 3.738270e-03
GetAllActiveSpinorbitalUpdates took 39 seconds
UpdateOrbitals took 39 seconds
Orthonormalize orbitals
Update Integrals
One body integrals: -1.921822e+00  0.000000e+00  1.846724e-09  0.000000e+00 -1.350477e-01  0.000000e+00
 0.000000e+00 -1.943487e+00  0.000000e+00  5.489432e-07  0.000000e+00 -1.645154e-02
 1.846723e-09  0.000000e+00 -1.119208e+00  0.000000e+00 -1.102428e-07  0.000000e+00
 0.000000e+00  5.489432e-07  0.000000e+00 -1.197535e+00  0.000000e+00 -1.134429e-08
-1.350477e-01  0.000000e+00 -1.102428e-07  0.000000e+00 -9.093448e-01  0.000000e+00
 0.000000e+00 -1.645154e-02  0.000000e+00 -1.134429e-08  0.000000e+00 -8.748878e-01
Alpha Overlap matrix: 
 1.000000e+00 -1.011153e-13 -5.813544e-13
-1.011066e-13  1.000000e+00 -1.633901e-13
-5.813579e-13 -1.633841e-13  1.000000e+00
Beta Overlap matrix: 
 1.000000e+00 -3.049991e-12 -3.121642e-12
-3.049980e-12  1.000000e+00  1.562292e-14
-3.121642e-12  1.561425e-14  1.000000e+00
mn size: 36
CalculateAllIntegrals took 45 seconds
            Kinetic energy  1.891107e+00
 Nuclear attraction energy  -6.855635e+00
       Two-electron energy  1.503042e+00
 Nuclear  repulsion energy  1.914214e+00
              Total energy  -1.547273e+00
CalculateEnergies took 0 seconds
Highest error: 4.056435e-03
---------------------------------------------------
Start iteration step: 13
Spin orbital indices list for update : 0 1 2 3 4 5 
CalculateLagrangeMultiplier took 0 seconds
Lagrange Multiplier: -8.645852e-01  0.000000e+00  1.389672e-07  0.000000e+00  5.051733e-03  0.000000e+00
 0.000000e+00 -7.852567e-01  0.000000e+00  2.661808e-08  0.000000e+00 -5.378564e-03
 1.285944e-07  0.000000e+00 -2.756285e-01  0.000000e+00 -2.352151e-08  0.000000e+00
 0.000000e+00  1.969938e-07  0.000000e+00 -8.487915e-03  0.000000e+00  1.994770e-09
-2.781298e-03  0.000000e+00  2.967892e-07  0.000000e+00 -1.525085e-02  0.000000e+00
 0.000000e+00  2.590413e-02  0.000000e+00  1.658098e-08  0.000000e+00 -9.235893e-03
Error of Orbital 0: 7.936352e-05
Error of Orbital 1: 3.361109e-04
Error of Orbital 2: 1.543232e-03
Error of Orbital 3: 1.066127e-03
Error of Orbital 4: 3.058172e-03
Error of Orbital 5: 2.840546e-03
GetAllActiveSpinorbitalUpdates took 40 seconds
UpdateOrbitals took 40 seconds
Orthonormalize orbitals
Update Integrals
One body integrals: -1.921827e+00  0.000000e+00 -2.797808e-08  0.000000e+00 -1.356412e-01  0.000000e+00
 0.000000e+00 -1.943622e+00  0.000000e+00  5.699780e-07  0.000000e+00 -1.696609e-02
-2.797808e-08  0.000000e+00 -1.118736e+00  0.000000e+00 -9.861469e-08  0.000000e+00
 0.000000e+00  5.699780e-07  0.000000e+00 -1.197615e+00  0.000000e+00 -7.049908e-09
-1.356412e-01  0.000000e+00 -9.856343e-08  0.000000e+00 -9.091921e-01  0.000000e+00
 0.000000e+00 -1.696609e-02  0.000000e+00 -7.049908e-09  0.000000e+00 -8.741656e-01
Alpha Overlap matrix: 
 1.000000e+00 -1.025596e-12  3.503240e-11
-1.025596e-12  1.000000e+00 -3.506758e-11
 3.503240e-11 -3.506758e-11  1.000000e+00
Beta Overlap matrix: 
 1.000000e+00 -3.105981e-12 -3.182128e-12
-3.105984e-12  1.000000e+00  1.621620e-14
-3.182121e-12  1.622313e-14  1.000000e+00
mn size: 36
CalculateAllIntegrals took 44 seconds
            Kinetic energy  1.890414e+00
 Nuclear attraction energy  -6.854609e+00
       Two-electron energy  1.502707e+00
 Nuclear  repulsion energy  1.914214e+00
              Total energy  -1.547273e+00
CalculateEnergies took 0 seconds
Highest error: 3.058172e-03
---------------------------------------------------
Start iteration step: 14
Spin orbital indices list for update : 0 1 2 3 4 5 
CalculateLagrangeMultiplier took 0 seconds
Lagrange Multiplier: -8.646663e-01  0.000000e+00  1.288337e-07  0.000000e+00  5.009516e-03  0.000000e+00
 0.000000e+00 -7.855515e-01  0.000000e+00  2.740012e-08  0.000000e+00 -5.410457e-03
 1.180750e-07  0.000000e+00 -2.755900e-01  0.000000e+00 -2.438100e-08  0.000000e+00
 0.000000e+00  2.040064e-07  0.000000e+00 -8.486793e-03  0.000000e+00  2.711761e-09
-2.811933e-03  0.000000e+00  3.208880e-07  0.000000e+00 -1.524968e-02  0.000000e+00
 0.000000e+00  2.595547e-02  0.000000e+00  1.831762e-08  0.000000e+00 -9.235514e-03
Error of Orbital 0: 5.998038e-05
Error of Orbital 1: 2.474026e-04
Error of Orbital 2: 1.114760e-03
Error of Orbital 3: 7.979506e-04
Error of Orbital 4: 2.302889e-03
Error of Orbital 5: 2.153969e-03
GetAllActiveSpinorbitalUpdates took 39 seconds
UpdateOrbitals took 39 seconds
Orthonormalize orbitals
Update Integrals
One body integrals: -1.921831e+00  0.000000e+00 -5.857593e-08  0.000000e+00 -1.360886e-01  0.000000e+00
 0.000000e+00 -1.943720e+00  0.000000e+00  5.895797e-07  0.000000e+00 -1.735597e-02
-5.857593e-08  0.000000e+00 -1.118395e+00  0.000000e+00 -6.661104e-08  0.000000e+00
 0.000000e+00  5.895797e-07  0.000000e+00 -1.197676e+00  0.000000e+00 -1.114805e-09
-1.360886e-01  0.000000e+00 -6.658236e-08  0.000000e+00 -9.090644e-01  0.000000e+00
 0.000000e+00 -1.735597e-02  0.000000e+00 -1.114805e-09  0.000000e+00 -8.736169e-01
Alpha Overlap matrix: 
 1.000000e+00 -1.223639e-13 -6.697420e-13
-1.223709e-13  1.000000e+00 -1.967662e-13
-6.697351e-13 -1.967532e-13  1.000000e+00
Beta Overlap matrix: 
 1.000000e+00 -3.149016e-12 -3.228535e-12
-3.149012e-12  1.000000e+00  1.727091e-14
-3.228535e-12  1.725356e-14  1.000000e+00
mn size: 36
CalculateAllIntegrals took 44 seconds
            Kinetic energy  1.889919e+00
 Nuclear attraction energy  -6.853872e+00
       Two-electron energy  1.502466e+00
 Nuclear  repulsion energy  1.914214e+00
              Total energy  -1.547273e+00
CalculateEnergies took 0 seconds
Highest error: 2.302889e-03
---------------------------------------------------
Start iteration step: 15
Spin orbital indices list for update : 0 1 2 3 4 5 
CalculateLagrangeMultiplier took 0 seconds
Lagrange Multiplier: -8.647241e-01  0.000000e+00  1.172764e-07  0.000000e+00  4.977875e-03  0.000000e+00
 0.000000e+00 -7.857648e-01  0.000000e+00  2.765112e-08  0.000000e+00 -5.434432e-03
 1.062893e-07  0.000000e+00 -2.755616e-01  0.000000e+00 -2.481731e-08  0.000000e+00
 0.000000e+00  2.114623e-07  0.000000e+00 -8.486189e-03  0.000000e+00  3.521424e-09
-2.834006e-03  0.000000e+00  3.565289e-07  0.000000e+00 -1.524875e-02  0.000000e+00
 0.000000e+00  2.599320e-02  0.000000e+00  2.001516e-08  0.000000e+00 -9.235119e-03
Error of Orbital 0: 4.334476e-05
Error of Orbital 1: 1.830072e-04
Error of Orbital 2: 8.064888e-04
Error of Orbital 3: 5.966219e-04
Error of Orbital 4: 1.732291e-03
Error of Orbital 5: 1.630329e-03
GetAllActiveSpinorbitalUpdates took 39 seconds
UpdateOrbitals took 39 seconds
Orthonormalize orbitals
Update Integrals
One body integrals: -1.921833e+00  0.000000e+00 -9.161124e-08  0.000000e+00 -1.364253e-01  0.000000e+00
 0.000000e+00 -1.943793e+00  0.000000e+00  6.064787e-07  0.000000e+00 -1.765098e-02
-9.161124e-08  0.000000e+00 -1.118147e+00  0.000000e+00 -6.039238e-08  0.000000e+00
 0.000000e+00  6.064787e-07  0.000000e+00 -1.197723e+00  0.000000e+00  6.877313e-09
-1.364253e-01  0.000000e+00 -6.036495e-08  0.000000e+00 -9.089603e-01  0.000000e+00
 0.000000e+00 -1.765098e-02  0.000000e+00  6.877313e-09  0.000000e+00 -8.732011e-01
Alpha Overlap matrix: 
 1.000000e+00 -1.064294e-12 -2.288825e-12
-1.064298e-12  1.000000e+00 -2.156712e-13
-2.288836e-12 -2.156738e-13  1.000000e+00
Beta Overlap matrix: 
 1.000000e+00 -3.181217e-12 -3.263716e-12
-3.181219e-12  1.000000e+00  1.777051e-14
-3.263716e-12  1.775316e-14  1.000000e+00
mn size: 36
CalculateAllIntegrals took 44 seconds
            Kinetic energy  1.889563e+00
 Nuclear attraction energy  -6.853342e+00
       Two-electron energy  1.502292e+00
 Nuclear  repulsion energy  1.914214e+00
              Total energy  -1.547273e+00
CalculateEnergies took 0 seconds
Highest error: 1.732291e-03
---------------------------------------------------
Start iteration step: 16
Spin orbital indices list for update : 0 1 2 3 4 5 
CalculateLagrangeMultiplier took 0 seconds
Lagrange Multiplier: -8.647651e-01  0.000000e+00  1.059297e-07  0.000000e+00  4.954173e-03  0.000000e+00
 0.000000e+00 -7.859195e-01  0.000000e+00  2.865172e-08  0.000000e+00 -5.452439e-03
 9.455460e-08  0.000000e+00 -2.755407e-01  0.000000e+00 -2.579535e-08  0.000000e+00
 0.000000e+00  2.173869e-07  0.000000e+00 -8.485893e-03  0.000000e+00  4.323430e-09
-2.849898e-03  0.000000e+00  3.786881e-07  0.000000e+00 -1.524803e-02  0.000000e+00
 0.000000e+00  2.602092e-02  0.000000e+00  2.190284e-08  0.000000e+00 -9.234754e-03
Error of Orbital 0: 3.623849e-05
Error of Orbital 1: 1.361732e-04
Error of Orbital 2: 5.842301e-04
Error of Orbital 3: 4.456632e-04
Error of Orbital 4: 1.301870e-03
Error of Orbital 5: 1.232009e-03
GetAllActiveSpinorbitalUpdates took 39 seconds
UpdateOrbitals took 39 seconds
Orthonormalize orbitals
Update Integrals
One body integrals: -1.921834e+00  0.000000e+00 -1.247226e-07  0.000000e+00 -1.366785e-01  0.000000e+00
 0.000000e+00 -1.943846e+00  0.000000e+00  6.251897e-07  0.000000e+00 -1.787395e-02
-1.247226e-07  0.000000e+00 -1.117968e+00  0.000000e+00 -4.195675e-08  0.000000e+00
 0.000000e+00  6.251897e-07  0.000000e+00 -1.197760e+00  0.000000e+00  1.437556e-08
-1.366785e-01  0.000000e+00 -4.192937e-08  0.000000e+00 -9.088762e-01  0.000000e+00
 0.000000e+00 -1.787395e-02  0.000000e+00  1.437556e-08  0.000000e+00 -8.728867e-01
Alpha Overlap matrix: 
 1.000000e+00 -1.453152e-13  3.718005e-11
-1.453143e-13  1.000000e+00 -3.486234e-11
 3.718006e-11 -3.486234e-11  1.000000e+00
Beta Overlap matrix: 
 1.000000e+00 -3.205606e-12 -3.290389e-12
-3.205602e-12  1.000000e+00  1.848521e-14
-3.290396e-12  1.848521e-14  1.000000e+00
mn size: 36
CalculateAllIntegrals took 45 seconds
            Kinetic energy  1.889308e+00
 Nuclear attraction energy  -6.852960e+00
       Two-electron energy  1.502166e+00
 Nuclear  repulsion energy  1.914214e+00
              Total energy  -1.547272e+00
CalculateEnergies took 0 seconds
Highest error: 1.301870e-03
---------------------------------------------------
Start iteration step: 17
Spin orbital indices list for update : 0 1 2 3 4 5 
CalculateLagrangeMultiplier took 0 seconds
Lagrange Multiplier: -8.647943e-01  0.000000e+00  9.325123e-08  0.000000e+00  4.936426e-03  0.000000e+00
