Deleted: /workspaces/MRA-OrbitalOptimization/automate_process/tmp4/F.MPS.GS.0
Deleted: /workspaces/MRA-OrbitalOptimization/automate_process/tmp4/F.MPS.GS.1
Deleted: /workspaces/MRA-OrbitalOptimization/automate_process/tmp4/F.MPS.GS.2
Deleted: /workspaces/MRA-OrbitalOptimization/automate_process/tmp4/F.MPS.INFO.GS.LEFT.0
Deleted: /workspaces/MRA-OrbitalOptimization/automate_process/tmp4/F.MPS.INFO.GS.RIGHT.0
Deleted: /workspaces/MRA-OrbitalOptimization/automate_process/tmp4/F.MPS.INFO.GS.LEFT.1
Deleted: /workspaces/MRA-OrbitalOptimization/automate_process/tmp4/F.MPS.INFO.GS.RIGHT.1
Deleted: /workspaces/MRA-OrbitalOptimization/automate_process/tmp4/F.MPS.INFO.GS.LEFT.2
Deleted: /workspaces/MRA-OrbitalOptimization/automate_process/tmp4/F.MPS.INFO.GS.RIGHT.2
Deleted: /workspaces/MRA-OrbitalOptimization/automate_process/tmp4/F.MPS.INFO.GS.LEFT.3
Deleted: /workspaces/MRA-OrbitalOptimization/automate_process/tmp4/F.MPS.INFO.GS.RIGHT.3
Deleted: /workspaces/MRA-OrbitalOptimization/automate_process/tmp4/F.MPS.GS.-1
Deleted: /workspaces/MRA-OrbitalOptimization/automate_process/tmp4/GS-mps_info.bin
Deleted: /workspaces/MRA-OrbitalOptimization/automate_process/tmp4/F.MPS.INFO.PDM-KET@TMP.LEFT.0
Deleted: /workspaces/MRA-OrbitalOptimization/automate_process/tmp4/F.MPS.INFO.PDM-KET@TMP.RIGHT.0
Deleted: /workspaces/MRA-OrbitalOptimization/automate_process/tmp4/F.MPS.INFO.PDM-KET@TMP.LEFT.1
Deleted: /workspaces/MRA-OrbitalOptimization/automate_process/tmp4/F.MPS.INFO.PDM-KET@TMP.RIGHT.1
Deleted: /workspaces/MRA-OrbitalOptimization/automate_process/tmp4/F.MPS.INFO.PDM-KET@TMP.LEFT.2
Deleted: /workspaces/MRA-OrbitalOptimization/automate_process/tmp4/F.MPS.INFO.PDM-KET@TMP.RIGHT.2
Deleted: /workspaces/MRA-OrbitalOptimization/automate_process/tmp4/F.MPS.INFO.PDM-KET@TMP.LEFT.3
Deleted: /workspaces/MRA-OrbitalOptimization/automate_process/tmp4/F.MPS.INFO.PDM-KET@TMP.RIGHT.3
Deleted: /workspaces/MRA-OrbitalOptimization/automate_process/tmp4/F.MPS.PDM-KET@TMP.0
Deleted: /workspaces/MRA-OrbitalOptimization/automate_process/tmp4/F.MPS.PDM-KET@TMP.1
Deleted: /workspaces/MRA-OrbitalOptimization/automate_process/tmp4/F.MPS.PDM-KET@TMP.2
Deleted: /workspaces/MRA-OrbitalOptimization/automate_process/tmp4/F.MPS.PDM-KET@TMP.-1
Deleted: /workspaces/MRA-OrbitalOptimization/automate_process/tmp4/F0.PART.NPDM.NPDM.FRAG.1.fpc
Deleted: /workspaces/MRA-OrbitalOptimization/automate_process/tmp4/F0.PART.NPDM.NPDM.FRAG.0.fpc
converged SCF energy = -1.23879641104768  <S^2> = 0.75449537  2S+1 = 2.0044903
DMRG energy:  -1.2492679443657289
Save OrbitalTranslator Json file
Orbital Translator output:
MADNESS runtime initialized with 3 threads in the pool and affinity OFF
Alpha matrix: 
 4.688870e-01  1.823501e-16  2.707953e+00
 3.207349e-01 -9.647349e-01 -1.574425e+00
 3.207349e-01  9.647349e-01 -1.574425e+00
Beta matrix: 
 6.493936e-01 -1.823501e-16  2.670422e+00
 2.144518e-01  9.647349e-01 -1.592387e+00
 2.144518e-01 -9.647349e-01 -1.592387e+00

Save SpinorbOpt Json file
Run Spin orbital refinement at bondlength  1.0
MADNESS runtime initialized with 3 threads in the pool and affinity OFF
Read orbitals and calculate the integrals
constructed nuclear correlation factor of the form
    R   =  1.000000e+00
with eprec  1.000000e-04
which means it's (nearly) a conventional calculation

Enuc: 
2.500000e+00
Frozen occupied spin orbitals: 
Active space spin orbitals indicies: 0 1 2 3 4 5 
ReadOrbitals took 0 seconds
ReadRDMFiles took 0 seconds
Alpha Beta rdms 
 9.990442e-01  0.000000e+00  5.956579e-19  0.000000e+00 -6.071532e-18  0.000000e+00
 0.000000e+00  9.958780e-01  0.000000e+00 -2.444489e-19  0.000000e+00 -8.673617e-19
 5.956579e-19  0.000000e+00  9.968339e-01  0.000000e+00  6.902223e-17  0.000000e+00
 0.000000e+00 -2.444489e-19  0.000000e+00  3.166141e-03  0.000000e+00  6.188710e-20
-5.766600e-18  0.000000e+00  6.902223e-17  0.000000e+00  4.121958e-03  0.000000e+00
 0.000000e+00 -9.952637e-19  0.000000e+00  6.188710e-20  0.000000e+00  9.558170e-04
orbitals_rotate 6
alpha beta orbs 6
One body integrals: -2.074362e+00  0.000000e+00  9.718224e-14  0.000000e+00 -2.415337e-01  0.000000e+00
 0.000000e+00 -2.095619e+00  0.000000e+00 -4.936546e-14  0.000000e+00 -1.231535e-01
 9.799626e-14  0.000000e+00 -1.322887e+00  0.000000e+00  1.912550e-13  0.000000e+00
 0.000000e+00 -5.012874e-14  0.000000e+00 -1.322887e+00  0.000000e+00  2.375877e-13
-2.415337e-01  0.000000e+00  1.918951e-13  0.000000e+00 -6.460458e-02  0.000000e+00
 0.000000e+00 -1.231535e-01  0.000000e+00  2.391802e-13  0.000000e+00 -4.334834e-02
Alpha Overlap matrix: 
1.000000e+00 7.650131e-16 1.317645e-10
7.650131e-16 1.000000e+00 4.850287e-15
1.317645e-10 4.850287e-15 1.000000e+00
Beta Overlap matrix: 
 1.000000e+00 -1.004405e-15  2.830967e-10
-1.004405e-15  1.000000e+00 -4.413137e-15
 2.830967e-10 -4.413137e-15  1.000000e+00
mn size: 36
CalculateAllIntegrals took 40 seconds
---------------------------------------------------
Start spin orbital optimization
Calculate initial energies: 
            Kinetic energy  2.442737e+00
 Nuclear attraction energy  -7.925292e+00
       Two-electron energy  1.733320e+00
 Nuclear  repulsion energy  2.500000e+00
              Total energy  -1.249235e+00
CalculateEnergies took 0 seconds
---------------------------------------------------
Start iteration step: 1
Skip optimization of spin orbital 5, since the occupation is less than NO_occupation_thresh (1.000000e-03)
Spin orbital indices list for update : 0 1 2 3 4 
CalculateLagrangeMultiplier took 0 seconds
Lagrange Multiplier: -9.380504e-01  0.000000e+00  7.368357e-14  0.000000e+00  4.425938e-03  0.000000e+00
 0.000000e+00 -8.043825e-01  0.000000e+00 -1.986164e-16  0.000000e+00 -3.399543e-03
 7.955389e-14  0.000000e+00 -2.582367e-01  0.000000e+00 -2.193830e-15  0.000000e+00
 0.000000e+00 -1.360546e-14  0.000000e+00 -6.981766e-03  0.000000e+00 -1.281077e-15
 4.428766e-03  0.000000e+00  1.809459e-13  0.000000e+00 -5.498784e-03  0.000000e+00
 0.000000e+00 -3.393184e-03  0.000000e+00  4.393896e-15  0.000000e+00 -2.764828e-03
Error of Orbital 0: 9.139658e-02
Error of Orbital 1: 7.220875e-02
Error of Orbital 2: 2.682392e-01
Error of Orbital 3: 1.074151e-01
Error of Orbital 4: 2.712997e-01
GetAllActiveSpinorbitalUpdates took 29 seconds
UpdateOrbitals took 30 seconds
Orthonormalize orbitals
Update Integrals
One body integrals: -2.143647e+00  0.000000e+00  6.680507e-14  0.000000e+00 -2.123609e-01  0.000000e+00
 0.000000e+00 -2.156384e+00  0.000000e+00 -3.775886e-14  0.000000e+00 -1.267086e-01
 6.671920e-14  0.000000e+00 -1.293959e+00  0.000000e+00  4.234807e-14  0.000000e+00
 0.000000e+00 -3.806244e-14  0.000000e+00 -1.316777e+00  0.000000e+00  2.898584e-13
-2.123609e-01  0.000000e+00  4.287889e-14  0.000000e+00 -2.664496e-01  0.000000e+00
 0.000000e+00 -1.267086e-01  0.000000e+00  2.903979e-13  0.000000e+00 -3.677190e-02
Alpha Overlap matrix: 
 1.000000e+00 -2.151057e-16  1.561251e-17
-2.116363e-16  1.000000e+00 -2.220446e-16
 1.561251e-17 -2.220446e-16  1.000000e+00
Beta Overlap matrix: 
 1.000000e+00 -4.510281e-17  2.921082e-11
-4.163336e-17  1.000000e+00  1.110223e-16
 2.921082e-11  1.318390e-16  1.000000e+00
mn size: 36
CalculateAllIntegrals took 48 seconds
            Kinetic energy  2.317486e+00
 Nuclear attraction energy  -7.901744e+00
       Two-electron energy  1.713534e+00
 Nuclear  repulsion energy  2.500000e+00
              Total energy  -1.370724e+00
CalculateEnergies took 0 seconds
Highest error: 2.712997e-01
---------------------------------------------------
Start iteration step: 2
Skip optimization of spin orbital 5, since the occupation is less than NO_occupation_thresh (1.000000e-03)
Spin orbital indices list for update : 0 1 2 3 4 
CalculateLagrangeMultiplier took 0 seconds
Lagrange Multiplier: -9.804145e-01  0.000000e+00  5.088050e-14  0.000000e+00  4.047487e-03  0.000000e+00
 0.000000e+00 -8.596561e-01  0.000000e+00 -1.316672e-15  0.000000e+00 -2.949947e-03
 5.572052e-14  0.000000e+00 -3.009960e-01  0.000000e+00 -4.295129e-15  0.000000e+00
 0.000000e+00  2.724053e-14  0.000000e+00 -6.961178e-03  0.000000e+00 -1.397247e-15
-9.899417e-03  0.000000e+00  6.947353e-14  0.000000e+00 -6.450234e-03  0.000000e+00
 0.000000e+00 -6.147264e-03  0.000000e+00  3.946768e-15  0.000000e+00 -2.712424e-03
Error of Orbital 0: 3.724191e-02
Error of Orbital 1: 4.200080e-02
Error of Orbital 2: 8.304067e-02
Error of Orbital 3: 3.202146e-02
Error of Orbital 4: 7.670588e-02
GetAllActiveSpinorbitalUpdates took 34 seconds
UpdateOrbitals took 34 seconds
Orthonormalize orbitals
Update Integrals
One body integrals: -2.164243e+00  0.000000e+00  6.938113e-14  0.000000e+00 -2.307102e-01  0.000000e+00
 0.000000e+00 -2.182071e+00  0.000000e+00 -5.015086e-14  0.000000e+00 -1.272925e-01
 6.908623e-14  0.000000e+00 -1.268453e+00  0.000000e+00  1.434096e-14  0.000000e+00
 0.000000e+00 -5.064178e-14  0.000000e+00 -1.313627e+00  0.000000e+00  2.691458e-13
-2.307102e-01  0.000000e+00  1.399401e-14  0.000000e+00 -3.323780e-01  0.000000e+00
 0.000000e+00 -1.272925e-01  0.000000e+00  2.679228e-13  0.000000e+00 -3.311382e-02
Alpha Overlap matrix: 
 1.000000e+00  1.561251e-16 -5.620504e-16
 1.595946e-16  1.000000e+00  1.110223e-16
-5.620504e-16  9.714451e-17  1.000000e+00
Beta Overlap matrix: 
 1.000000e+00 -6.800116e-16  1.081827e-10
-6.765422e-16  1.000000e+00  5.551115e-17
 1.081827e-10  5.204170e-17  1.000000e+00
mn size: 36
CalculateAllIntegrals took 49 seconds
            Kinetic energy  2.350440e+00
 Nuclear attraction energy  -7.955689e+00
       Two-electron energy  1.718608e+00
 Nuclear  repulsion energy  2.500000e+00
              Total energy  -1.386641e+00
CalculateEnergies took 0 seconds
Highest error: 8.304067e-02
---------------------------------------------------
Start iteration step: 3
Skip optimization of spin orbital 5, since the occupation is less than NO_occupation_thresh (1.000000e-03)
Spin orbital indices list for update : 0 1 2 3 4 
CalculateLagrangeMultiplier took 0 seconds
Lagrange Multiplier: -9.824955e-01  0.000000e+00  5.145131e-14  0.000000e+00  3.881591e-03  0.000000e+00
 0.000000e+00 -8.731938e-01  0.000000e+00 -2.344189e-15  0.000000e+00 -3.358600e-03
 5.537243e-14  0.000000e+00 -2.961320e-01  0.000000e+00 -4.430243e-15  0.000000e+00
 0.000000e+00  2.371935e-14  0.000000e+00 -6.684730e-03  0.000000e+00 -1.115287e-15
-1.801396e-02  0.000000e+00  6.815161e-14  0.000000e+00 -6.673640e-03  0.000000e+00
 0.000000e+00 -8.148411e-03  0.000000e+00  3.707217e-15  0.000000e+00 -2.853386e-03
Error of Orbital 0: 1.178859e-02
Error of Orbital 1: 1.760965e-02
Error of Orbital 2: 5.322082e-02
Error of Orbital 3: 4.611792e-03
Error of Orbital 4: 5.325379e-02
GetAllActiveSpinorbitalUpdates took 33 seconds
UpdateOrbitals took 34 seconds
Orthonormalize orbitals
Update Integrals
One body integrals: -2.169493e+00  0.000000e+00  7.113407e-14  0.000000e+00 -2.415084e-01  0.000000e+00
 0.000000e+00 -2.191298e+00  0.000000e+00 -5.911244e-14  0.000000e+00 -1.275722e-01
 7.116877e-14  0.000000e+00 -1.250184e+00  0.000000e+00 -1.125836e-14  0.000000e+00
 0.000000e+00 -5.982107e-14  0.000000e+00 -1.312170e+00  0.000000e+00  2.511845e-13
-2.415084e-01  0.000000e+00 -1.094090e-14  0.000000e+00 -3.633393e-01  0.000000e+00
 0.000000e+00 -1.275722e-01  0.000000e+00  2.506311e-13  0.000000e+00 -3.167747e-02
Alpha Overlap matrix: 
 1.000000e+00  1.734723e-16  3.400058e-16
 1.769418e-16  1.000000e+00 -1.387779e-16
 3.400058e-16 -1.249001e-16  1.000000e+00
Beta Overlap matrix: 
1.000000e+00 3.469447e-17 1.596046e-10
2.775558e-17 1.000000e+00 1.249001e-16
1.596046e-10 1.457168e-16 1.000000e+00
mn size: 36
CalculateAllIntegrals took 48 seconds
            Kinetic energy  2.345734e+00
 Nuclear attraction energy  -7.947327e+00
       Two-electron energy  1.711079e+00
 Nuclear  repulsion energy  2.500000e+00
              Total energy  -1.390514e+00
CalculateEnergies took 0 seconds
Highest error: 5.325379e-02
---------------------------------------------------
Start iteration step: 4
Skip optimization of spin orbital 5, since the occupation is less than NO_occupation_thresh (1.000000e-03)
Spin orbital indices list for update : 0 1 2 3 4 
CalculateLagrangeMultiplier took 0 seconds
Lagrange Multiplier: -9.846983e-01  0.000000e+00  5.279920e-14  0.000000e+00  3.708980e-03  0.000000e+00
 0.000000e+00 -8.837824e-01  0.000000e+00 -3.065942e-15  0.000000e+00 -3.644132e-03
 5.659094e-14  0.000000e+00 -2.947543e-01  0.000000e+00 -4.522172e-15  0.000000e+00
 0.000000e+00  2.285198e-14  0.000000e+00 -6.507970e-03  0.000000e+00 -9.028965e-16
-2.131849e-02  0.000000e+00  6.294261e-14  0.000000e+00 -6.745554e-03  0.000000e+00
 0.000000e+00 -9.788997e-03  0.000000e+00  3.501059e-15  0.000000e+00 -2.946390e-03
Error of Orbital 0: 3.377658e-03
Error of Orbital 1: 7.891556e-03
Error of Orbital 2: 3.429884e-02
Error of Orbital 3: 4.516067e-03
Error of Orbital 4: 3.675487e-02
GetAllActiveSpinorbitalUpdates took 34 seconds
UpdateOrbitals took 34 seconds
Orthonormalize orbitals
Update Integrals
One body integrals: -2.170653e+00  0.000000e+00  7.321400e-14  0.000000e+00 -2.476603e-01  0.000000e+00
 0.000000e+00 -2.195133e+00  0.000000e+00 -6.596633e-14  0.000000e+00 -1.277552e-01
 7.319449e-14  0.000000e+00 -1.237828e+00  0.000000e+00 -2.854574e-14  0.000000e+00
 0.000000e+00 -6.519004e-14  0.000000e+00 -1.312146e+00  0.000000e+00  2.344583e-13
-2.476603e-01  0.000000e+00 -2.856916e-14  0.000000e+00 -3.842840e-01  0.000000e+00
 0.000000e+00 -1.277552e-01  0.000000e+00  2.350065e-13  0.000000e+00 -3.109009e-02
Alpha Overlap matrix: 
1.000000e+00 8.326673e-17 5.204170e-17
8.326673e-17 1.000000e+00 5.551115e-17
5.204170e-17 2.775558e-17 1.000000e+00
Beta Overlap matrix: 
 1.000000e+00 -1.387779e-17  1.842495e-10
-1.387779e-17  1.000000e+00  1.249001e-16
 1.842495e-10  1.283695e-16  1.000000e+00
mn size: 36
CalculateAllIntegrals took 47 seconds
            Kinetic energy  2.331913e+00
 Nuclear attraction energy  -7.926254e+00
       Two-electron energy  1.702556e+00
 Nuclear  repulsion energy  2.500000e+00
              Total energy  -1.391785e+00
CalculateEnergies took 0 seconds
Highest error: 3.675487e-02
---------------------------------------------------
Start iteration step: 5
Skip optimization of spin orbital 5, since the occupation is less than NO_occupation_thresh (1.000000e-03)
Spin orbital indices list for update : 0 1 2 3 4 
CalculateLagrangeMultiplier took 0 seconds
Lagrange Multiplier: -9.870169e-01  0.000000e+00  5.488780e-14  0.000000e+00  3.571818e-03  0.000000e+00
 0.000000e+00 -8.916730e-01  0.000000e+00 -3.541644e-15  0.000000e+00 -3.825011e-03
 5.823781e-14  0.000000e+00 -2.943652e-01  0.000000e+00 -4.559570e-15  0.000000e+00
 0.000000e+00  2.249181e-14  0.000000e+00 -6.396917e-03  0.000000e+00 -7.599967e-16
-2.280981e-02  0.000000e+00  5.805595e-14  0.000000e+00 -6.780396e-03  0.000000e+00
 0.000000e+00 -1.094781e-02  0.000000e+00  3.353392e-15  0.000000e+00 -2.996886e-03
Error of Orbital 0: 1.236477e-03
Error of Orbital 1: 4.043407e-03
Error of Orbital 2: 2.223386e-02
Error of Orbital 3: 5.820946e-03
Error of Orbital 4: 2.437777e-02
GetAllActiveSpinorbitalUpdates took 33 seconds
UpdateOrbitals took 34 seconds
Orthonormalize orbitals
Update Integrals
One body integrals: -2.170804e+00  0.000000e+00  7.367891e-14  0.000000e+00 -2.512956e-01  0.000000e+00
 0.000000e+00 -2.197024e+00  0.000000e+00 -6.920332e-14  0.000000e+00 -1.278759e-01
 7.456839e-14  0.000000e+00 -1.229617e+00  0.000000e+00 -4.150239e-14  0.000000e+00
 0.000000e+00 -6.967040e-14  0.000000e+00 -1.312540e+00  0.000000e+00  2.218798e-13
-2.512956e-01  0.000000e+00 -4.169061e-14  0.000000e+00 -3.991540e-01  0.000000e+00
 0.000000e+00 -1.278759e-01  0.000000e+00  2.204296e-13  0.000000e+00 -3.081192e-02
Alpha Overlap matrix: 
 1.000000e+00 -1.387779e-17  5.681219e-16
-1.387779e-17  1.000000e+00 -3.469447e-16
 5.681219e-16 -3.330669e-16  1.000000e+00
Beta Overlap matrix: 
 1.000000e+00  3.885781e-16  1.963815e-10
 3.885781e-16  1.000000e+00 -1.110223e-16
 1.963815e-10 -1.214306e-16  1.000000e+00
mn size: 36
CalculateAllIntegrals took 47 seconds
            Kinetic energy  2.319595e+00
 Nuclear attraction energy  -7.907847e+00
       Two-electron energy  1.695970e+00
 Nuclear  repulsion energy  2.500000e+00
              Total energy  -1.392281e+00
CalculateEnergies took 0 seconds
Highest error: 2.437777e-02
---------------------------------------------------
Start iteration step: 6
Skip optimization of spin orbital 5, since the occupation is less than NO_occupation_thresh (1.000000e-03)
Spin orbital indices list for update : 0 1 2 3 4 
CalculateLagrangeMultiplier took 0 seconds
Lagrange Multiplier: -9.888434e-01  0.000000e+00  5.447791e-14  0.000000e+00  3.472651e-03  0.000000e+00
 0.000000e+00 -8.971307e-01  0.000000e+00 -3.846602e-15  0.000000e+00 -3.937687e-03
 5.854233e-14  0.000000e+00 -2.941849e-01  0.000000e+00 -4.595331e-15  0.000000e+00
 0.000000e+00  2.197860e-14  0.000000e+00 -6.327113e-03  0.000000e+00 -6.614066e-16
-2.363071e-02  0.000000e+00  5.350436e-14  0.000000e+00 -6.801518e-03  0.000000e+00
 0.000000e+00 -1.171601e-02  0.000000e+00  3.235691e-15  0.000000e+00 -3.023435e-03
Error of Orbital 0: 7.570157e-04
Error of Orbital 1: 2.309932e-03
Error of Orbital 2: 1.455916e-02
Error of Orbital 3: 4.920911e-03
Error of Orbital 4: 1.615048e-02
GetAllActiveSpinorbitalUpdates took 33 seconds
UpdateOrbitals took 33 seconds
Orthonormalize orbitals
Update Integrals
One body integrals: -2.170737e+00  0.000000e+00  7.595400e-14  0.000000e+00 -2.535452e-01  0.000000e+00
 0.000000e+00 -2.198080e+00  0.000000e+00 -7.138387e-14  0.000000e+00 -1.279554e-01
 7.580872e-14  0.000000e+00 -1.224165e+00  0.000000e+00 -5.037377e-14  0.000000e+00
 0.000000e+00 -7.087863e-14  0.000000e+00 -1.312911e+00  0.000000e+00  2.089266e-13
-2.535452e-01  0.000000e+00 -4.983687e-14  0.000000e+00 -4.095965e-01  0.000000e+00
 0.000000e+00 -1.279554e-01  0.000000e+00  2.101479e-13  0.000000e+00 -3.066121e-02
Alpha Overlap matrix: 
 1.000000e+00 -3.469447e-17 -7.285839e-17
-3.469447e-17  1.000000e+00 -2.220446e-16
-7.285839e-17 -2.081668e-16  1.000000e+00
Beta Overlap matrix: 
1.000000e+00 1.040834e-16 2.030074e-10
9.714451e-17 1.000000e+00 9.714451e-17
2.030074e-10 9.367507e-17 1.000000e+00
mn size: 36
CalculateAllIntegrals took 46 seconds
            Kinetic energy  2.310561e+00
 Nuclear attraction energy  -7.894407e+00
       Two-electron energy  1.691356e+00
 Nuclear  repulsion energy  2.500000e+00
              Total energy  -1.392490e+00
CalculateEnergies took 0 seconds
Highest error: 1.615048e-02
---------------------------------------------------
Start iteration step: 7
Skip optimization of spin orbital 5, since the occupation is less than NO_occupation_thresh (1.000000e-03)
Spin orbital indices list for update : 0 1 2 3 4 
CalculateLagrangeMultiplier took 0 seconds
Lagrange Multiplier: -9.901422e-01  0.000000e+00  5.680903e-14  0.000000e+00  3.403971e-03  0.000000e+00
 0.000000e+00 -9.007975e-01  0.000000e+00 -4.054260e-15  0.000000e+00 -4.009053e-03
 5.965268e-14  0.000000e+00 -2.940589e-01  0.000000e+00 -4.571566e-15  0.000000e+00
 0.000000e+00  2.208157e-14  0.000000e+00 -6.282238e-03  0.000000e+00 -5.824259e-16
-2.414206e-02  0.000000e+00  5.101134e-14  0.000000e+00 -6.815540e-03  0.000000e+00
 0.000000e+00 -1.221653e-02  0.000000e+00  3.133685e-15  0.000000e+00 -3.037876e-03
Error of Orbital 0: 5.311194e-04
Error of Orbital 1: 1.411257e-03
Error of Orbital 2: 9.623519e-03
Error of Orbital 3: 3.656724e-03
Error of Orbital 4: 1.073873e-02
GetAllActiveSpinorbitalUpdates took 32 seconds
UpdateOrbitals took 32 seconds
Orthonormalize orbitals
Update Integrals
One body integrals: -2.170646e+00  0.000000e+00  7.724290e-14  0.000000e+00 -2.549823e-01  0.000000e+00
 0.000000e+00 -2.198717e+00  0.000000e+00 -7.199102e-14  0.000000e+00 -1.280081e-01
 7.655465e-14  0.000000e+00 -1.220533e+00  0.000000e+00 -5.580345e-14  0.000000e+00
 0.000000e+00 -7.239825e-14  0.000000e+00 -1.313178e+00  0.000000e+00  1.991393e-13
-2.549823e-01  0.000000e+00 -5.625014e-14  0.000000e+00 -4.167751e-01  0.000000e+00
 0.000000e+00 -1.280081e-01  0.000000e+00  1.998592e-13  0.000000e+00 -3.057191e-02
Alpha Overlap matrix: 
 1.000000e+00  1.491862e-16 -1.266348e-16
 1.457168e-16  1.000000e+00  1.387779e-16
-1.266348e-16  1.387779e-16  1.000000e+00
Beta Overlap matrix: 
 1.000000e+00 -1.249001e-16  2.069510e-10
-1.179612e-16  1.000000e+00  4.024558e-16
 2.069510e-10  3.920475e-16  1.000000e+00
mn size: 36
CalculateAllIntegrals took 46 seconds
            Kinetic energy  2.304317e+00
 Nuclear attraction energy  -7.885115e+00
       Two-electron energy  1.688217e+00
 Nuclear  repulsion energy  2.500000e+00
              Total energy  -1.392582e+00
CalculateEnergies took 0 seconds
Highest error: 1.073873e-02
---------------------------------------------------
Start iteration step: 8
Skip optimization of spin orbital 5, since the occupation is less than NO_occupation_thresh (1.000000e-03)
Spin orbital indices list for update : 0 1 2 3 4 
CalculateLagrangeMultiplier took 0 seconds
Lagrange Multiplier: -9.910347e-01  0.000000e+00  5.783177e-14  0.000000e+00  3.357227e-03  0.000000e+00
 0.000000e+00 -9.032434e-01  0.000000e+00 -4.188559e-15  0.000000e+00 -4.055098e-03
 5.983673e-14  0.000000e+00 -2.939628e-01  0.000000e+00 -4.550018e-15  0.000000e+00
 0.000000e+00  2.069529e-14  0.000000e+00 -6.252872e-03  0.000000e+00 -5.310074e-16
-2.447785e-02  0.000000e+00  4.802020e-14  0.000000e+00 -6.824903e-03  0.000000e+00
 0.000000e+00 -1.254263e-02  0.000000e+00  3.054723e-15  0.000000e+00 -3.046179e-03
Error of Orbital 0: 3.671566e-04
Error of Orbital 1: 8.959507e-04
Error of Orbital 2: 6.406407e-03
Error of Orbital 3: 2.575685e-03
Error of Orbital 4: 7.165424e-03
GetAllActiveSpinorbitalUpdates took 33 seconds
UpdateOrbitals took 33 seconds
Orthonormalize orbitals
Update Integrals
One body integrals: -2.170571e+00  0.000000e+00  7.830889e-14  0.000000e+00 -2.559200e-01  0.000000e+00
 0.000000e+00 -2.199118e+00  0.000000e+00 -7.180714e-14  0.000000e+00 -1.280433e-01
 7.843379e-14  0.000000e+00 -1.218103e+00  0.000000e+00 -5.951576e-14  0.000000e+00
 0.000000e+00 -7.161632e-14  0.000000e+00 -1.313357e+00  0.000000e+00  1.893329e-13
-2.559200e-01  0.000000e+00 -5.949755e-14  0.000000e+00 -4.216580e-01  0.000000e+00
 0.000000e+00 -1.280433e-01  0.000000e+00  1.897388e-13  0.000000e+00 -3.051615e-02
Alpha Overlap matrix: 
 1.000000e+00 -3.747003e-16 -3.885781e-16
-3.747003e-16  1.000000e+00  5.551115e-17
-3.885781e-16  6.938894e-17  1.000000e+00
Beta Overlap matrix: 
 1.000000e+00 -4.579670e-16  2.094294e-10
-4.649059e-16  1.000000e+00 -4.163336e-17
 2.094294e-10 -2.081668e-17  1.000000e+00
mn size: 36
CalculateAllIntegrals took 47 seconds
            Kinetic energy  2.300085e+00
 Nuclear attraction energy  -7.878807e+00
       Two-electron energy  1.686099e+00
 Nuclear  repulsion energy  2.500000e+00
              Total energy  -1.392623e+00
CalculateEnergies took 0 seconds
Highest error: 7.165424e-03
---------------------------------------------------
Start iteration step: 9
Skip optimization of spin orbital 5, since the occupation is less than NO_occupation_thresh (1.000000e-03)
Spin orbital indices list for update : 0 1 2 3 4 
CalculateLagrangeMultiplier took 0 seconds
Lagrange Multiplier: -9.916412e-01  0.000000e+00  5.818326e-14  0.000000e+00  3.325639e-03  0.000000e+00
 0.000000e+00 -9.048755e-01  0.000000e+00 -4.241790e-15  0.000000e+00 -4.085244e-03
 6.090455e-14  0.000000e+00 -2.938908e-01  0.000000e+00 -4.501358e-15  0.000000e+00
 0.000000e+00  2.130456e-14  0.000000e+00 -6.233406e-03  0.000000e+00 -4.851799e-16
-2.470337e-02  0.000000e+00  4.653937e-14  0.000000e+00 -6.831145e-03  0.000000e+00
 0.000000e+00 -1.275650e-02  0.000000e+00  2.975588e-15  0.000000e+00 -3.051190e-03
Error of Orbital 0: 2.495617e-04
Error of Orbital 1: 5.817195e-04
Error of Orbital 2: 4.285764e-03
Error of Orbital 3: 1.772249e-03
Error of Orbital 4: 4.793267e-03
GetAllActiveSpinorbitalUpdates took 33 seconds
UpdateOrbitals took 33 seconds
Orthonormalize orbitals
Update Integrals
One body integrals: -2.170518e+00  0.000000e+00  7.868532e-14  0.000000e+00 -2.565396e-01  0.000000e+00
 0.000000e+00 -2.199376e+00  0.000000e+00 -7.267971e-14  0.000000e+00 -1.280670e-01
 7.866060e-14  0.000000e+00 -1.216473e+00  0.000000e+00 -6.103364e-14  0.000000e+00
 0.000000e+00 -7.319666e-14  0.000000e+00 -1.313474e+00  0.000000e+00  1.823264e-13
-2.565396e-01  0.000000e+00 -6.042215e-14  0.000000e+00 -4.249581e-01  0.000000e+00
 0.000000e+00 -1.280670e-01  0.000000e+00  1.821997e-13  0.000000e+00 -3.048030e-02
Alpha Overlap matrix: 
 1.000000e+00 -1.734723e-17 -5.759282e-16
-1.734723e-17  1.000000e+00  9.714451e-17
-5.759282e-16  1.110223e-16  1.000000e+00
Beta Overlap matrix: 
 1.000000e+00  2.220446e-16  2.110344e-10
 2.220446e-16  1.000000e+00 -1.249001e-16
 2.110344e-10 -1.387779e-16  1.000000e+00
mn size: 36
CalculateAllIntegrals took 46 seconds
            Kinetic energy  2.297234e+00
 Nuclear attraction energy  -7.874549e+00
       Two-electron energy  1.684674e+00
 Nuclear  repulsion energy  2.500000e+00
              Total energy  -1.392641e+00
CalculateEnergies took 0 seconds
Highest error: 4.793267e-03
---------------------------------------------------
Start iteration step: 10
Skip optimization of spin orbital 5, since the occupation is less than NO_occupation_thresh (1.000000e-03)
Spin orbital indices list for update : 0 1 2 3 4 
CalculateLagrangeMultiplier took 0 seconds
Lagrange Multiplier: -9.920520e-01  0.000000e+00  5.842079e-14  0.000000e+00  3.304344e-03  0.000000e+00
 0.000000e+00 -9.059672e-01  0.000000e+00 -4.283817e-15  0.000000e+00 -4.105177e-03
 6.106459e-14  0.000000e+00 -2.938386e-01  0.000000e+00 -4.480808e-15  0.000000e+00
 0.000000e+00  1.988395e-14  0.000000e+00 -6.220409e-03  0.000000e+00 -4.543439e-16
-2.485621e-02  0.000000e+00  4.676709e-14  0.000000e+00 -6.835290e-03  0.000000e+00
 0.000000e+00 -1.289788e-02  0.000000e+00  2.905053e-15  0.000000e+00 -3.054332e-03
Error of Orbital 0: 1.682701e-04
Error of Orbital 1: 3.830821e-04
Error of Orbital 2: 2.876343e-03
Error of Orbital 3: 1.205882e-03
Error of Orbital 4: 3.212962e-03
GetAllActiveSpinorbitalUpdates took 33 seconds
UpdateOrbitals took 33 seconds
Orthonormalize orbitals
Update Integrals
One body integrals: -2.170481e+00  0.000000e+00  7.852313e-14  0.000000e+00 -2.569524e-01  0.000000e+00
 0.000000e+00 -2.199545e+00  0.000000e+00 -7.211419e-14  0.000000e+00 -1.280832e-01
 7.859815e-14  0.000000e+00 -1.215377e+00  0.000000e+00 -6.198514e-14  0.000000e+00
 0.000000e+00 -7.194419e-14  0.000000e+00 -1.313552e+00  0.000000e+00  1.742495e-13
-2.569524e-01  0.000000e+00 -6.140401e-14  0.000000e+00 -4.271824e-01  0.000000e+00
 0.000000e+00 -1.280832e-01  0.000000e+00  1.738019e-13  0.000000e+00 -3.045688e-02
Alpha Overlap matrix: 
 1.000000e+00  3.070461e-16 -5.022024e-16
 3.035766e-16  1.000000e+00 -1.387779e-17
-5.022024e-16 -1.387779e-17  1.000000e+00
Beta Overlap matrix: 
1.000000e+00 9.020562e-17 2.120939e-10
9.714451e-17 1.000000e+00 1.804112e-16
2.120939e-10 1.630640e-16 1.000000e+00
mn size: 36
CalculateAllIntegrals took 46 seconds
            Kinetic energy  2.295315e+00
 Nuclear attraction energy  -7.871678e+00
       Two-electron energy  1.683713e+00
 Nuclear  repulsion energy  2.500000e+00
              Total energy  -1.392650e+00
CalculateEnergies took 0 seconds
Highest error: 3.212962e-03
---------------------------------------------------
Start iteration step: 11
Skip optimization of spin orbital 5, since the occupation is less than NO_occupation_thresh (1.000000e-03)
Spin orbital indices list for update : 0 1 2 3 4 
CalculateLagrangeMultiplier took 0 seconds
Lagrange Multiplier: -9.923300e-01  0.000000e+00  5.847315e-14  0.000000e+00  3.289997e-03  0.000000e+00
 0.000000e+00 -9.066992e-01  0.000000e+00 -4.281028e-15  0.000000e+00 -4.118444e-03
 6.108168e-14  0.000000e+00 -2.938016e-01  0.000000e+00 -4.439704e-15  0.000000e+00
 0.000000e+00  2.015717e-14  0.000000e+00 -6.211693e-03  0.000000e+00 -4.362894e-16
-2.496013e-02  0.000000e+00  4.589352e-14  0.000000e+00 -6.838041e-03  0.000000e+00
 0.000000e+00 -1.299209e-02  0.000000e+00  2.835505e-15  0.000000e+00 -3.056355e-03
Error of Orbital 0: 1.131898e-04
Error of Orbital 1: 2.547774e-04
Error of Orbital 2: 1.934307e-03
Error of Orbital 3: 8.160832e-04
Error of Orbital 4: 2.157103e-03
GetAllActiveSpinorbitalUpdates took 33 seconds
UpdateOrbitals took 33 seconds
Orthonormalize orbitals
Update Integrals
One body integrals: -2.170456e+00  0.000000e+00  7.909558e-14  0.000000e+00 -2.572286e-01  0.000000e+00
 0.000000e+00 -2.199657e+00  0.000000e+00 -7.101091e-14  0.000000e+00 -1.280946e-01
 7.910382e-14  0.000000e+00 -1.214639e+00  0.000000e+00 -6.154799e-14  0.000000e+00
 0.000000e+00 -7.198625e-14  0.000000e+00 -1.313603e+00  0.000000e+00  1.666549e-13
-2.572286e-01  0.000000e+00 -6.155666e-14  0.000000e+00 -4.286802e-01  0.000000e+00
 0.000000e+00 -1.280946e-01  0.000000e+00  1.674771e-13  0.000000e+00 -3.044146e-02
Alpha Overlap matrix: 
 1.000000e+00 -2.359224e-16  1.647987e-17
-2.359224e-16  1.000000e+00  3.330669e-16
 1.647987e-17  3.469447e-16  1.000000e+00
Beta Overlap matrix: 
 1.000000e+00  8.118506e-16  2.128008e-10
 8.118506e-16  1.000000e+00 -1.387779e-16
 2.128008e-10 -1.179612e-16  1.000000e+00
mn size: 36
CalculateAllIntegrals took 46 seconds
            Kinetic energy  2.294023e+00
 Nuclear attraction energy  -7.869743e+00
       Two-electron energy  1.683066e+00
 Nuclear  repulsion energy  2.500000e+00
              Total energy  -1.392654e+00
CalculateEnergies took 0 seconds
Highest error: 2.157103e-03
---------------------------------------------------
Start iteration step: 12
Skip optimization of spin orbital 5, since the occupation is less than NO_occupation_thresh (1.000000e-03)
Spin orbital indices list for update : 0 1 2 3 4 
CalculateLagrangeMultiplier took 0 seconds
Lagrange Multiplier: -9.925180e-01  0.000000e+00  5.871579e-14  0.000000e+00  3.280330e-03  0.000000e+00
 0.000000e+00 -9.071910e-01  0.000000e+00 -4.260421e-15  0.000000e+00 -4.127313e-03
 6.118963e-14  0.000000e+00 -2.937758e-01  0.000000e+00 -4.428914e-15  0.000000e+00
 0.000000e+00  2.050575e-14  0.000000e+00 -6.205834e-03  0.000000e+00 -4.192022e-16
-2.503092e-02  0.000000e+00  4.537224e-14  0.000000e+00 -6.839870e-03  0.000000e+00
 0.000000e+00 -1.305536e-02  0.000000e+00  2.772939e-15  0.000000e+00 -3.057679e-03
Error of Orbital 0: 7.626384e-05
Error of Orbital 1: 1.707874e-04
Error of Orbital 2: 1.302301e-03
Error of Orbital 3: 5.508422e-04
Error of Orbital 4: 1.449983e-03
GetAllActiveSpinorbitalUpdates took 33 seconds
UpdateOrbitals took 33 seconds
Orthonormalize orbitals
Update Integrals
One body integrals: -2.170439e+00  0.000000e+00  7.950585e-14  0.000000e+00 -2.574141e-01  0.000000e+00
 0.000000e+00 -2.199731e+00  0.000000e+00 -7.037253e-14  0.000000e+00 -1.281028e-01
 7.893295e-14  0.000000e+00 -1.214141e+00  0.000000e+00 -6.085410e-14  0.000000e+00
 0.000000e+00 -7.132229e-14  0.000000e+00 -1.313638e+00  0.000000e+00  1.592164e-13
-2.574141e-01  0.000000e+00 -6.111084e-14  0.000000e+00 -4.296888e-01  0.000000e+00
 0.000000e+00 -1.281028e-01  0.000000e+00  1.597351e-13  0.000000e+00 -3.043127e-02
Alpha Overlap matrix: 
 1.000000e+00  1.682682e-16 -3.070461e-16
 1.700029e-16  1.000000e+00  1.249001e-16
-3.070461e-16  1.249001e-16  1.000000e+00
Beta Overlap matrix: 
 1.000000e+00  4.996004e-16  2.132800e-10
 4.926615e-16  1.000000e+00 -3.330669e-16
 2.132800e-10 -3.365364e-16  1.000000e+00
mn size: 36
CalculateAllIntegrals took 46 seconds
            Kinetic energy  2.293153e+00
 Nuclear attraction energy  -7.868438e+00
       Two-electron energy  1.682629e+00
 Nuclear  repulsion energy  2.500000e+00
              Total energy  -1.392656e+00
CalculateEnergies took 0 seconds
Highest error: 1.449983e-03
---------------------------------------------------
Start iteration step: 13
Skip optimization of spin orbital 5, since the occupation is less than NO_occupation_thresh (1.000000e-03)
Spin orbital indices list for update : 0 1 2 3 4 
CalculateLagrangeMultiplier took 0 seconds
Lagrange Multiplier: -9.926453e-01  0.000000e+00  5.940489e-14  0.000000e+00  3.273815e-03  0.000000e+00
 0.000000e+00 -9.075219e-01  0.000000e+00 -4.242493e-15  0.000000e+00 -4.133259e-03
 6.123818e-14  0.000000e+00 -2.937581e-01  0.000000e+00 -4.367859e-15  0.000000e+00
 0.000000e+00  1.949240e-14  0.000000e+00 -6.201889e-03  0.000000e+00 -4.077424e-16
-2.507917e-02  0.000000e+00  4.528520e-14  0.000000e+00 -6.841090e-03  0.000000e+00
 0.000000e+00 -1.309820e-02  0.000000e+00  2.703549e-15  0.000000e+00 -3.058556e-03
Error of Orbital 0: 5.173215e-05
Error of Orbital 1: 1.153568e-04
Error of Orbital 2: 8.772616e-04
Error of Orbital 3: 3.713937e-04
Error of Orbital 4: 9.755691e-04
GetAllActiveSpinorbitalUpdates took 33 seconds
UpdateOrbitals took 33 seconds
Orthonormalize orbitals
Update Integrals
One body integrals: -2.170428e+00  0.000000e+00  7.805475e-14  0.000000e+00 -2.575390e-01  0.000000e+00
 0.000000e+00 -2.199781e+00  0.000000e+00 -6.941496e-14  0.000000e+00 -1.281089e-01
 7.835572e-14  0.000000e+00 -1.213806e+00  0.000000e+00 -5.989220e-14  0.000000e+00
 0.000000e+00 -6.917123e-14  0.000000e+00 -1.313661e+00  0.000000e+00  1.538335e-13
-2.575390e-01  0.000000e+00 -5.965194e-14  0.000000e+00 -4.303682e-01  0.000000e+00
 0.000000e+00 -1.281089e-01  0.000000e+00  1.524492e-13  0.000000e+00 -3.042455e-02
Alpha Overlap matrix: 
 1.000000e+00  4.336809e-16 -2.914335e-16
 4.319461e-16  1.000000e+00 -6.938894e-17
-2.914335e-16 -5.551115e-17  1.000000e+00
Beta Overlap matrix: 
1.000000e+00 2.914335e-16 2.136056e-10
2.844947e-16 1.000000e+00 1.387779e-16
2.136056e-10 1.630640e-16 1.000000e+00
mn size: 36
CalculateAllIntegrals took 46 seconds
            Kinetic energy  2.292566e+00
 Nuclear attraction energy  -7.867558e+00
       Two-electron energy  1.682335e+00
 Nuclear  repulsion energy  2.500000e+00
              Total energy  -1.392657e+00
CalculateEnergies took 0 seconds
Highest error: 9.755691e-04
Convergence has been reached :-)
Save energies to a json file
converged SCF energy = -1.34702819417896  <S^2> = 0.75619233  2S+1 = 2.0061828
DMRG energy:  -1.3589951851010214
Save OrbitalTranslator Json file
Orbital Translator output:
MADNESS runtime initialized with 3 threads in the pool and affinity OFF
Alpha matrix: 
 4.507048e-01 -1.519531e-15  2.371651e+00
 3.413052e-01 -9.169543e-01 -1.398926e+00
 3.413052e-01  9.169543e-01 -1.398926e+00
Beta matrix: 
 6.359356e-01 -9.344631e-16  2.328830e+00
 2.301634e-01  9.169543e-01 -1.421445e+00
 2.301634e-01 -9.169543e-01 -1.421445e+00

Save SpinorbOpt Json file
Run Spin orbital refinement at bondlength  1.1
MADNESS runtime initialized with 3 threads in the pool and affinity OFF
Read orbitals and calculate the integrals
constructed nuclear correlation factor of the form
    R   =  1.000000e+00
with eprec  1.000000e-04
which means it's (nearly) a conventional calculation

Enuc: 
2.272727e+00
Frozen occupied spin orbitals: 
Active space spin orbitals indicies: 0 1 2 3 4 5 
ReadOrbitals took 0 seconds
ReadRDMFiles took 0 seconds
Alpha Beta rdms 
 9.987573e-01  0.000000e+00  8.390748e-20  0.000000e+00 -1.301043e-17  0.000000e+00
 0.000000e+00  9.946218e-01  0.000000e+00  6.037521e-19  0.000000e+00  0.000000e+00
 8.390748e-20  0.000000e+00  9.958645e-01  0.000000e+00  4.258456e-17  0.000000e+00
 0.000000e+00  6.037521e-19  0.000000e+00  4.135491e-03  0.000000e+00  4.403696e-19
-1.296299e-17  0.000000e+00  4.258456e-17  0.000000e+00  5.378164e-03  0.000000e+00
 0.000000e+00  1.160435e-19  0.000000e+00  4.403696e-19  0.000000e+00  1.242673e-03
orbitals_rotate 6
alpha beta orbs 6
One body integrals: -1.992810e+00  0.000000e+00  4.277611e-14  0.000000e+00 -2.327227e-01  0.000000e+00
 0.000000e+00 -2.015967e+00  0.000000e+00 -5.434628e-14  0.000000e+00 -1.129384e-01
 4.365952e-14  0.000000e+00 -1.311664e+00  0.000000e+00  2.116952e-13  0.000000e+00
 0.000000e+00 -5.402232e-14  0.000000e+00 -1.311664e+00  0.000000e+00 -2.155463e-13
-2.327227e-01  0.000000e+00  2.108556e-13  0.000000e+00 -2.279797e-01  0.000000e+00
 0.000000e+00 -1.129384e-01  0.000000e+00 -2.162662e-13  0.000000e+00 -2.048225e-01
Alpha Overlap matrix: 
 1.000000e+00  6.904199e-16 -9.112659e-10
 6.904199e-16  1.000000e+00  2.577799e-15
-9.112659e-10  2.577799e-15  1.000000e+00
Beta Overlap matrix: 
 1.000000e+00 -8.109832e-16 -5.516635e-10
-8.109832e-16  1.000000e+00 -2.650657e-15
-5.516635e-10 -2.650657e-15  1.000000e+00
mn size: 36
CalculateAllIntegrals took 39 seconds
---------------------------------------------------
Start spin orbital optimization
Calculate initial energies: 
            Kinetic energy  2.340548e+00
 Nuclear attraction energy  -7.649151e+00
       Two-electron energy  1.676912e+00
 Nuclear  repulsion energy  2.272727e+00
              Total energy  -1.358963e+00
CalculateEnergies took 0 seconds
---------------------------------------------------
Start iteration step: 1
Spin orbital indices list for update : 0 1 2 3 4 5 
CalculateLagrangeMultiplier took 0 seconds
Lagrange Multiplier: -8.926125e-01  0.000000e+00  4.260755e-14  0.000000e+00  5.195282e-03  0.000000e+00
 0.000000e+00 -7.597314e-01  0.000000e+00 -3.544600e-16  0.000000e+00 -3.717890e-03
 4.354966e-14  0.000000e+00 -2.843795e-01  0.000000e+00  1.275374e-15  0.000000e+00
 0.000000e+00 -5.665392e-14  0.000000e+00 -8.204062e-03  0.000000e+00 -2.465460e-16
 5.197304e-03  0.000000e+00  2.127096e-13  0.000000e+00 -6.619684e-03  0.000000e+00
 0.000000e+00 -3.712505e-03  0.000000e+00 -9.058774e-16  0.000000e+00 -3.231315e-03
Error of Orbital 0: 7.678768e-02
Error of Orbital 1: 5.661904e-02
Error of Orbital 2: 2.380802e-01
Error of Orbital 3: 9.926475e-02
Error of Orbital 4: 2.457086e-01
Error of Orbital 5: 3.281304e-01
GetAllActiveSpinorbitalUpdates took 34 seconds
UpdateOrbitals took 34 seconds
Orthonormalize orbitals
Update Integrals
One body integrals: -2.044679e+00  0.000000e+00 -6.773228e-15  0.000000e+00 -2.050974e-01  0.000000e+00
 0.000000e+00 -2.059344e+00  0.000000e+00 -1.772974e-14  0.000000e+00 -1.946920e-01
-7.160071e-15  0.000000e+00 -1.290258e+00  0.000000e+00  7.493832e-14  0.000000e+00
 0.000000e+00 -1.793357e-14  0.000000e+00 -1.309178e+00  0.000000e+00 -3.388262e-14
-2.050974e-01  0.000000e+00  7.448556e-14  0.000000e+00 -3.730144e-01  0.000000e+00
 0.000000e+00 -1.946920e-01  0.000000e+00 -3.397803e-14  0.000000e+00 -4.461942e-01
Alpha Overlap matrix: 
1.000000e+00 1.075529e-16 1.169700e-12
1.075529e-16 1.000000e+00 9.714451e-17
1.169700e-12 1.110223e-16 1.000000e+00
Beta Overlap matrix: 
 1.000000e+00  3.747003e-16 -9.020493e-13
 3.747003e-16  1.000000e+00 -1.942890e-16
-9.020493e-13 -1.942890e-16  1.000000e+00
mn size: 36
CalculateAllIntegrals took 44 seconds
            Kinetic energy  2.209562e+00
 Nuclear attraction energy  -7.592866e+00
       Two-electron energy  1.654979e+00
 Nuclear  repulsion energy  2.272727e+00
              Total energy  -1.455598e+00
CalculateEnergies took 0 seconds
Highest error: 3.281304e-01
---------------------------------------------------
Start iteration step: 2
Spin orbital indices list for update : 0 1 2 3 4 5 
CalculateLagrangeMultiplier took 0 seconds
Lagrange Multiplier: -9.256405e-01  0.000000e+00  1.003291e-14  0.000000e+00  3.539566e-03  0.000000e+00
 0.000000e+00 -8.038627e-01  0.000000e+00 -1.168929e-16  0.000000e+00 -3.234194e-03
 1.031464e-14  0.000000e+00 -3.247103e-01  0.000000e+00 -1.365705e-15  0.000000e+00
 0.000000e+00  4.394746e-15  0.000000e+00 -8.038446e-03  0.000000e+00 -6.233942e-16
-7.632115e-03  0.000000e+00  8.307803e-14  0.000000e+00 -7.547008e-03  0.000000e+00
 0.000000e+00 -1.989895e-02  0.000000e+00 -8.050924e-16  0.000000e+00 -3.547774e-03
Error of Orbital 0: 3.032140e-02
Error of Orbital 1: 2.732720e-02
Error of Orbital 2: 7.079421e-02
Error of Orbital 3: 2.237400e-02
Error of Orbital 4: 1.136322e-01
Error of Orbital 5: 5.496087e-02
