converged SCF energy = -1.42328925629719  <S^2> = 1.4635666  2S+1 = 2.6180654
Deleted: /workspaces/MRA-OrbitalOptimization/automate_process/tmp4/F.MPS.GS.0
Deleted: /workspaces/MRA-OrbitalOptimization/automate_process/tmp4/F.MPS.GS.1
Deleted: /workspaces/MRA-OrbitalOptimization/automate_process/tmp4/F.MPS.GS.2
Deleted: /workspaces/MRA-OrbitalOptimization/automate_process/tmp4/F.MPS.INFO.GS.LEFT.0
Deleted: /workspaces/MRA-OrbitalOptimization/automate_process/tmp4/F.MPS.INFO.GS.RIGHT.0
Deleted: /workspaces/MRA-OrbitalOptimization/automate_process/tmp4/F.MPS.INFO.GS.LEFT.1
Deleted: /workspaces/MRA-OrbitalOptimization/automate_process/tmp4/F.MPS.INFO.GS.RIGHT.1
Deleted: /workspaces/MRA-OrbitalOptimization/automate_process/tmp4/F.MPS.INFO.GS.LEFT.2
Deleted: /workspaces/MRA-OrbitalOptimization/automate_process/tmp4/F.MPS.INFO.GS.RIGHT.2
Deleted: /workspaces/MRA-OrbitalOptimization/automate_process/tmp4/F.MPS.INFO.GS.LEFT.3
Deleted: /workspaces/MRA-OrbitalOptimization/automate_process/tmp4/F.MPS.INFO.GS.RIGHT.3
Deleted: /workspaces/MRA-OrbitalOptimization/automate_process/tmp4/F.MPS.GS.-1
Deleted: /workspaces/MRA-OrbitalOptimization/automate_process/tmp4/GS-mps_info.bin
Deleted: /workspaces/MRA-OrbitalOptimization/automate_process/tmp4/F.MPS.INFO.PDM-KET@TMP.LEFT.0
Deleted: /workspaces/MRA-OrbitalOptimization/automate_process/tmp4/F.MPS.INFO.PDM-KET@TMP.RIGHT.0
Deleted: /workspaces/MRA-OrbitalOptimization/automate_process/tmp4/F.MPS.INFO.PDM-KET@TMP.LEFT.1
Deleted: /workspaces/MRA-OrbitalOptimization/automate_process/tmp4/F.MPS.INFO.PDM-KET@TMP.RIGHT.1
Deleted: /workspaces/MRA-OrbitalOptimization/automate_process/tmp4/F.MPS.INFO.PDM-KET@TMP.LEFT.2
Deleted: /workspaces/MRA-OrbitalOptimization/automate_process/tmp4/F.MPS.INFO.PDM-KET@TMP.RIGHT.2
Deleted: /workspaces/MRA-OrbitalOptimization/automate_process/tmp4/F.MPS.INFO.PDM-KET@TMP.LEFT.3
Deleted: /workspaces/MRA-OrbitalOptimization/automate_process/tmp4/F.MPS.INFO.PDM-KET@TMP.RIGHT.3
Deleted: /workspaces/MRA-OrbitalOptimization/automate_process/tmp4/F.MPS.PDM-KET@TMP.0
Deleted: /workspaces/MRA-OrbitalOptimization/automate_process/tmp4/F.MPS.PDM-KET@TMP.1
Deleted: /workspaces/MRA-OrbitalOptimization/automate_process/tmp4/F.MPS.PDM-KET@TMP.2
Deleted: /workspaces/MRA-OrbitalOptimization/automate_process/tmp4/F.MPS.PDM-KET@TMP.-1
Deleted: /workspaces/MRA-OrbitalOptimization/automate_process/tmp4/F0.PART.NPDM.NPDM.FRAG.1.fpc
Deleted: /workspaces/MRA-OrbitalOptimization/automate_process/tmp4/F0.PART.NPDM.NPDM.FRAG.0.fpc
converged SCF energy = -1.41933760174331  <S^2> = 1.5070931  2S+1 = 2.6511077
DMRG energy:  -1.4406604540712702
Save OrbitalTranslator Json file
Orbital Translator output:
MADNESS runtime initialized with 3 threads in the pool and affinity OFF
Alpha matrix: 
 1.348433e-01  1.359288e-15  1.024331e+00
 6.750326e-01 -7.092779e-01 -2.735089e-01
 6.750326e-01  7.092779e-01 -2.735089e-01
Beta matrix: 
 9.577403e-01 -1.174517e-15 -3.875192e-01
 9.471066e-02  7.092779e-01  7.221537e-01
 9.471066e-02 -7.092779e-01  7.221537e-01

Save SpinorbOpt Json file
Run Spin orbital refinement at bondlength  3.3
MADNESS runtime initialized with 3 threads in the pool and affinity OFF
Read orbitals and calculate the integrals
constructed nuclear correlation factor of the form
    R   =  1.000000e+00
with eprec  1.000000e-04
which means it's (nearly) a conventional calculation

Enuc: 
7.575758e-01
Frozen occupied spin orbitals: 
Active space spin orbitals indicies: 0 1 2 3 4 5 
ReadOrbitals took 0 seconds
ReadRDMFiles took 0 seconds
Alpha Beta rdms 
 9.204722e-01  0.000000e+00  1.702437e-19  0.000000e+00 -2.775558e-17  0.000000e+00
 0.000000e+00  8.107999e-01  0.000000e+00  2.699355e-17  0.000000e+00  5.551115e-17
 1.702437e-19  0.000000e+00  8.903278e-01  0.000000e+00  2.219464e-18  0.000000e+00
 0.000000e+00  2.699355e-17  0.000000e+00  1.096722e-01  0.000000e+00 -1.692880e-17
-1.387779e-17  0.000000e+00  2.219464e-18  0.000000e+00  1.892001e-01  0.000000e+00
 0.000000e+00  2.775558e-17  0.000000e+00 -1.692880e-17  0.000000e+00  7.952783e-02
orbitals_rotate 6
alpha beta orbs 6
One body integrals: -1.026000e+00  0.000000e+00  6.009863e-14  0.000000e+00 -1.243477e-01  0.000000e+00
 0.000000e+00 -1.106584e+00  0.000000e+00  8.131625e-14  0.000000e+00 -2.744708e-03
 5.975342e-14  0.000000e+00 -9.153283e-01  0.000000e+00  1.204080e-13  0.000000e+00
 0.000000e+00  8.155065e-14  0.000000e+00 -9.153283e-01  0.000000e+00  7.595834e-14
-1.243477e-01  0.000000e+00  1.195979e-13  0.000000e+00 -9.148002e-01  0.000000e+00
 0.000000e+00 -2.744708e-03  0.000000e+00  7.580915e-14  0.000000e+00 -8.342157e-01
Alpha Overlap matrix: 
 1.000000e+00 -1.924329e-14 -3.340670e-09
-1.924329e-14  1.000000e+00 -4.958881e-14
-3.340670e-09 -4.958881e-14  1.000000e+00
Beta Overlap matrix: 
 1.000000e+00 -4.301420e-14  1.724643e-09
-4.301420e-14  1.000000e+00 -3.183565e-14
 1.724643e-09 -3.183565e-14  1.000000e+00
mn size: 36
CalculateAllIntegrals took 52 seconds
---------------------------------------------------
Start spin orbital optimization
Calculate initial energies: 
            Kinetic energy  2.126693e+00
 Nuclear attraction energy  -5.123067e+00
       Two-electron energy  7.981686e-01
 Nuclear  repulsion energy  7.575758e-01
              Total energy  -1.440630e+00
CalculateEnergies took 0 seconds
---------------------------------------------------
Start iteration step: 1
Spin orbital indices list for update : 0 1 2 3 4 5 
CalculateLagrangeMultiplier took 0 seconds
Lagrange Multiplier: -4.468672e-01  0.000000e+00  1.407519e-14  0.000000e+00  1.254253e-02  0.000000e+00
 0.000000e+00 -3.543835e-01  0.000000e+00 -3.006605e-15  0.000000e+00 -1.663815e-02
 1.085465e-14  0.000000e+00 -3.886849e-01  0.000000e+00 -1.257883e-14  0.000000e+00
 0.000000e+00 -2.294496e-14  0.000000e+00 -6.041389e-02  0.000000e+00 -3.513594e-15
 1.254148e-02  0.000000e+00  5.302029e-14  0.000000e+00 -9.930857e-02  0.000000e+00
 0.000000e+00 -1.663714e-02  0.000000e+00  7.588878e-16  0.000000e+00 -5.037905e-02
Error of Orbital 0: 1.396093e-01
Error of Orbital 1: 1.662161e-01
Error of Orbital 2: 1.564345e-01
Error of Orbital 3: 1.036762e-01
Error of Orbital 4: 1.019869e-01
Error of Orbital 5: 9.566407e-02
GetAllActiveSpinorbitalUpdates took 47 seconds
UpdateOrbitals took 47 seconds
Orthonormalize orbitals
Update Integrals
One body integrals: -1.046923e+00  0.000000e+00 -5.466634e-14  0.000000e+00 -1.215433e-01  0.000000e+00
 0.000000e+00 -1.124447e+00  0.000000e+00 -2.468182e-13  0.000000e+00 -7.927516e-03
-5.459305e-14  0.000000e+00 -9.423426e-01  0.000000e+00 -9.776902e-14  0.000000e+00
 0.000000e+00 -2.466987e-13  0.000000e+00 -9.400275e-01  0.000000e+00 -4.910915e-14
-1.215433e-01  0.000000e+00 -9.784014e-14  0.000000e+00 -9.359949e-01  0.000000e+00
 0.000000e+00 -7.927517e-03  0.000000e+00 -4.906752e-14  0.000000e+00 -8.560364e-01
Alpha Overlap matrix: 
 1.000000e+00  9.887924e-17 -1.020017e-15
 1.040834e-16  1.000000e+00  2.255141e-16
-1.020017e-15  2.220446e-16  1.000000e+00
Beta Overlap matrix: 
 1.000000e+00 -3.881444e-16  2.725785e-11
-3.900959e-16  1.000000e+00  4.510281e-17
 2.725786e-11  4.857226e-17  1.000000e+00
mn size: 36
CalculateAllIntegrals took 61 seconds
            Kinetic energy  1.650034e+00
 Nuclear attraction energy  -4.712657e+00
       Two-electron energy  7.771918e-01
 Nuclear  repulsion energy  7.575758e-01
              Total energy  -1.527855e+00
CalculateEnergies took 0 seconds
Highest error: 1.662161e-01
---------------------------------------------------
Start iteration step: 2
Spin orbital indices list for update : 0 1 2 3 4 5 
CalculateLagrangeMultiplier took 0 seconds
Lagrange Multiplier: -4.837942e-01  0.000000e+00 -1.553859e-13  0.000000e+00  8.869865e-03  0.000000e+00
 0.000000e+00 -3.924543e-01  0.000000e+00  6.281258e-14  0.000000e+00 -1.233379e-02
-2.330420e-13  0.000000e+00 -4.227120e-01  0.000000e+00 -1.540738e-13  0.000000e+00
 0.000000e+00 -4.998321e-13  0.000000e+00 -6.159042e-02  0.000000e+00 -6.670042e-14
-1.544100e-03  0.000000e+00  1.358723e-13  0.000000e+00 -9.921869e-02  0.000000e+00
 0.000000e+00 -7.288627e-03  0.000000e+00 -2.296665e-16  0.000000e+00 -4.846967e-02
Error of Orbital 0: 3.740787e-02
Error of Orbital 1: 3.651756e-02
Error of Orbital 2: 4.333314e-02
Error of Orbital 3: 4.503780e-02
Error of Orbital 4: 4.723312e-02
Error of Orbital 5: 5.084959e-02
GetAllActiveSpinorbitalUpdates took 66 seconds
UpdateOrbitals took 66 seconds
Orthonormalize orbitals
Update Integrals
One body integrals: -1.046719e+00  0.000000e+00 -5.454838e-14  0.000000e+00 -1.208446e-01  0.000000e+00
 0.000000e+00 -1.123858e+00  0.000000e+00 -2.975094e-13  0.000000e+00 -1.048531e-02
-5.465290e-14  0.000000e+00 -9.439829e-01  0.000000e+00 -7.930028e-14  0.000000e+00
 0.000000e+00 -2.973551e-13  0.000000e+00 -9.432636e-01  0.000000e+00 -1.410070e-14
-1.208446e-01  0.000000e+00 -7.950671e-14  0.000000e+00 -9.389709e-01  0.000000e+00
 0.000000e+00 -1.048531e-02  0.000000e+00 -1.418136e-14  0.000000e+00 -8.603957e-01
Alpha Overlap matrix: 
 1.000000e+00 -2.949030e-16 -9.922618e-16
-2.949030e-16  1.000000e+00  9.367507e-17
-9.922618e-16  1.075529e-16  1.000000e+00
Beta Overlap matrix: 
1.000000e+00 2.372234e-16 2.443306e-11
2.385245e-16 1.000000e+00 7.632783e-17
2.443306e-11 7.979728e-17 1.000000e+00
mn size: 36
CalculateAllIntegrals took 59 seconds
            Kinetic energy  1.532732e+00
 Nuclear attraction energy  -4.597415e+00
       Two-electron energy  7.718134e-01
 Nuclear  repulsion energy  7.575758e-01
              Total energy  -1.535294e+00
CalculateEnergies took 0 seconds
Highest error: 5.084959e-02
---------------------------------------------------
Start iteration step: 3
Spin orbital indices list for update : 0 1 2 3 4 5 
CalculateLagrangeMultiplier took 0 seconds
Lagrange Multiplier: -4.883073e-01  0.000000e+00 -2.097318e-13  0.000000e+00  8.123723e-03  0.000000e+00
 0.000000e+00 -3.969824e-01  0.000000e+00  8.775489e-14  0.000000e+00 -1.195117e-02
-2.960732e-13  0.000000e+00 -4.266989e-01  0.000000e+00 -1.445483e-13  0.000000e+00
 0.000000e+00 -4.962533e-13  0.000000e+00 -6.161410e-02  0.000000e+00 -6.785002e-14
-3.407388e-03  0.000000e+00  2.303910e-13  0.000000e+00 -9.920338e-02  0.000000e+00
 0.000000e+00 -6.765794e-03  0.000000e+00  7.345206e-15  0.000000e+00 -4.825009e-02
Error of Orbital 0: 1.715391e-02
Error of Orbital 1: 1.593924e-02
Error of Orbital 2: 2.034906e-02
Error of Orbital 3: 2.179492e-02
Error of Orbital 4: 2.165009e-02
Error of Orbital 5: 2.334708e-02
GetAllActiveSpinorbitalUpdates took 59 seconds
UpdateOrbitals took 59 seconds
Orthonormalize orbitals
Update Integrals
One body integrals: -1.046020e+00  0.000000e+00 -6.254936e-14  0.000000e+00 -1.206950e-01  0.000000e+00
 0.000000e+00 -1.123139e+00  0.000000e+00 -3.215369e-13  0.000000e+00 -1.164390e-02
-6.222366e-14  0.000000e+00 -9.440539e-01  0.000000e+00 -7.280851e-14  0.000000e+00
 0.000000e+00 -3.214703e-13  0.000000e+00 -9.437079e-01  0.000000e+00  3.078267e-15
-1.206950e-01  0.000000e+00 -7.254874e-14  0.000000e+00 -9.394131e-01  0.000000e+00
 0.000000e+00 -1.164390e-02  0.000000e+00  3.075665e-15  0.000000e+00 -8.612080e-01
Alpha Overlap matrix: 
 1.000000e+00 -3.712308e-16 -6.245005e-16
-3.764350e-16  1.000000e+00  1.249001e-16
-6.245005e-16  1.249001e-16  1.000000e+00
Beta Overlap matrix: 
 1.000000e+00 -4.965646e-16  3.324749e-11
-4.972151e-16  1.000000e+00  3.122502e-17
 3.324749e-11  4.857226e-17  1.000000e+00
mn size: 36
CalculateAllIntegrals took 65 seconds
            Kinetic energy  1.480867e+00
 Nuclear attraction energy  -4.544584e+00
       Two-electron energy  7.692236e-01
 Nuclear  repulsion energy  7.575758e-01
              Total energy  -1.536917e+00
CalculateEnergies took 0 seconds
Highest error: 2.334708e-02
---------------------------------------------------
Start iteration step: 4
Spin orbital indices list for update : 0 1 2 3 4 5 
CalculateLagrangeMultiplier took 0 seconds
Lagrange Multiplier: -4.898833e-01  0.000000e+00 -2.408101e-13  0.000000e+00  7.749813e-03  0.000000e+00
 0.000000e+00 -3.986930e-01  0.000000e+00  9.176121e-14  0.000000e+00 -1.180311e-02
-3.291846e-13  0.000000e+00 -4.279676e-01  0.000000e+00 -1.318648e-13  0.000000e+00
 0.000000e+00 -4.807075e-13  0.000000e+00 -6.154978e-02  0.000000e+00 -6.607087e-14
-4.363187e-03  0.000000e+00  2.553182e-13  0.000000e+00 -9.908676e-02  0.000000e+00
 0.000000e+00 -6.583189e-03  0.000000e+00  1.146536e-14  0.000000e+00 -4.808889e-02
Error of Orbital 0: 8.532644e-03
Error of Orbital 1: 7.526752e-03
Error of Orbital 2: 1.034728e-02
Error of Orbital 3: 1.118080e-02
Error of Orbital 4: 1.071472e-02
Error of Orbital 5: 1.175812e-02
GetAllActiveSpinorbitalUpdates took 69 seconds
UpdateOrbitals took 69 seconds
Orthonormalize orbitals
Update Integrals
One body integrals: -1.045515e+00  0.000000e+00 -7.007329e-14  0.000000e+00 -1.206860e-01  0.000000e+00
 0.000000e+00 -1.122701e+00  0.000000e+00 -3.347565e-13  0.000000e+00 -1.224134e-02
-7.010885e-14  0.000000e+00 -9.439128e-01  0.000000e+00 -6.797297e-14  0.000000e+00
 0.000000e+00 -3.347191e-13  0.000000e+00 -9.436427e-01  0.000000e+00  1.582501e-14
-1.206860e-01  0.000000e+00 -6.814037e-14  0.000000e+00 -9.394691e-01  0.000000e+00
 0.000000e+00 -1.224134e-02  0.000000e+00  1.545118e-14  0.000000e+00 -8.613516e-01
Alpha Overlap matrix: 
 1.000000e+00 -4.111295e-16 -9.020562e-16
-4.059253e-16  1.000000e+00  2.393918e-16
-9.020562e-16  2.498002e-16  1.000000e+00
Beta Overlap matrix: 
 1.000000e+00 -5.683388e-16  3.502604e-11
-5.683388e-16  1.000000e+00 -1.873501e-16
 3.502604e-11 -1.804112e-16  1.000000e+00
mn size: 36
CalculateAllIntegrals took 53 seconds
            Kinetic energy  1.455583e+00
 Nuclear attraction energy  -4.518369e+00
       Two-electron energy  7.678855e-01
 Nuclear  repulsion energy  7.575758e-01
              Total energy  -1.537324e+00
CalculateEnergies took 0 seconds
Highest error: 1.175812e-02
---------------------------------------------------
Start iteration step: 5
Spin orbital indices list for update : 0 1 2 3 4 5 
CalculateLagrangeMultiplier took 0 seconds
Lagrange Multiplier: -4.905496e-01  0.000000e+00 -2.576719e-13  0.000000e+00  7.553142e-03  0.000000e+00
 0.000000e+00 -3.994795e-01  0.000000e+00  9.066158e-14  0.000000e+00 -1.174140e-02
-3.475202e-13  0.000000e+00 -4.284656e-01  0.000000e+00 -1.224508e-13  0.000000e+00
 0.000000e+00 -4.688484e-13  0.000000e+00 -6.149761e-02  0.000000e+00 -6.425697e-14
-4.875741e-03  0.000000e+00  2.608270e-13  0.000000e+00 -9.901942e-02  0.000000e+00
 0.000000e+00 -6.530864e-03  0.000000e+00  1.436884e-14  0.000000e+00 -4.800274e-02
Error of Orbital 0: 4.407272e-03
Error of Orbital 1: 3.672840e-03
Error of Orbital 2: 5.442922e-03
Error of Orbital 3: 5.892480e-03
Error of Orbital 4: 5.469305e-03
Error of Orbital 5: 6.138016e-03
GetAllActiveSpinorbitalUpdates took 50 seconds
UpdateOrbitals took 50 seconds
Orthonormalize orbitals
Update Integrals
One body integrals: -1.045204e+00  0.000000e+00 -7.603553e-14  0.000000e+00 -1.207103e-01  0.000000e+00
 0.000000e+00 -1.122463e+00  0.000000e+00 -3.421887e-13  0.000000e+00 -1.256493e-02
-7.580481e-14  0.000000e+00 -9.437838e-01  0.000000e+00 -6.366695e-14  0.000000e+00
 0.000000e+00 -3.421935e-13  0.000000e+00 -9.435134e-01  0.000000e+00  2.447955e-14
-1.207103e-01  0.000000e+00 -6.376930e-14  0.000000e+00 -9.394728e-01  0.000000e+00
 0.000000e+00 -1.256493e-02  0.000000e+00  2.439889e-14  0.000000e+00 -8.613543e-01
Alpha Overlap matrix: 
 1.000000e+00 -5.342948e-16 -7.563394e-16
-5.412337e-16  1.000000e+00  2.775558e-17
-7.563394e-16  2.428613e-17  1.000000e+00
Beta Overlap matrix: 
 1.000000e+00 -3.163702e-16  3.550869e-11
-3.189723e-16  1.000000e+00  3.608225e-16
 3.550869e-11  3.712308e-16  1.000000e+00
mn size: 36
CalculateAllIntegrals took 53 seconds
            Kinetic energy  1.442722e+00
 Nuclear attraction energy  -4.504900e+00
       Two-electron energy  7.671715e-01
 Nuclear  repulsion energy  7.575758e-01
              Total energy  -1.537431e+00
CalculateEnergies took 0 seconds
Highest error: 6.138016e-03
---------------------------------------------------
Start iteration step: 6
Spin orbital indices list for update : 0 1 2 3 4 5 
CalculateLagrangeMultiplier took 0 seconds
Lagrange Multiplier: -4.908607e-01  0.000000e+00 -2.670123e-13  0.000000e+00  7.447245e-03  0.000000e+00
 0.000000e+00 -3.998771e-01  0.000000e+00  8.877859e-14  0.000000e+00 -1.171476e-02
-3.573392e-13  0.000000e+00 -4.286850e-01  0.000000e+00 -1.161849e-13  0.000000e+00
 0.000000e+00 -4.613109e-13  0.000000e+00 -6.146462e-02  0.000000e+00 -6.306805e-14
-5.157628e-03  0.000000e+00  2.622557e-13  0.000000e+00 -9.898839e-02  0.000000e+00
 0.000000e+00 -6.524711e-03  0.000000e+00  1.645637e-14  0.000000e+00 -4.795911e-02
Error of Orbital 0: 2.322996e-03
Error of Orbital 1: 1.818816e-03
Error of Orbital 2: 2.911160e-03
Error of Orbital 3: 3.148960e-03
Error of Orbital 4: 2.835727e-03
Error of Orbital 5: 3.262939e-03
GetAllActiveSpinorbitalUpdates took 51 seconds
UpdateOrbitals took 51 seconds
Orthonormalize orbitals
Update Integrals
One body integrals: -1.045022e+00  0.000000e+00 -7.988272e-14  0.000000e+00 -1.207367e-01  0.000000e+00
 0.000000e+00 -1.122338e+00  0.000000e+00 -3.464024e-13  0.000000e+00 -1.274404e-02
-8.006399e-14  0.000000e+00 -9.436956e-01  0.000000e+00 -6.044340e-14  0.000000e+00
 0.000000e+00 -3.463237e-13  0.000000e+00 -9.434086e-01  0.000000e+00  3.070721e-14
-1.207367e-01  0.000000e+00 -6.044514e-14  0.000000e+00 -9.394763e-01  0.000000e+00
 0.000000e+00 -1.274404e-02  0.000000e+00  3.038889e-14  0.000000e+00 -8.613338e-01
Alpha Overlap matrix: 
 1.000000e+00 -2.151057e-16 -7.355228e-16
-2.151057e-16  1.000000e+00  8.326673e-17
-7.355228e-16  8.673617e-17  1.000000e+00
Beta Overlap matrix: 
1.000000e+00 6.505213e-18 3.573499e-11
7.372575e-18 1.000000e+00 1.283695e-16
3.573499e-11 1.283695e-16 1.000000e+00
mn size: 36
CalculateAllIntegrals took 52 seconds
            Kinetic energy  1.436040e+00
 Nuclear attraction energy  -4.497859e+00
       Two-electron energy  7.667838e-01
 Nuclear  repulsion energy  7.575758e-01
              Total energy  -1.537459e+00
CalculateEnergies took 0 seconds
Highest error: 3.262939e-03
---------------------------------------------------
Start iteration step: 7
Spin orbital indices list for update : 0 1 2 3 4 5 
CalculateLagrangeMultiplier took 0 seconds
Lagrange Multiplier: -4.910143e-01  0.000000e+00 -2.716092e-13  0.000000e+00  7.389552e-03  0.000000e+00
 0.000000e+00 -4.000883e-01  0.000000e+00  8.726435e-14  0.000000e+00 -1.170316e-02
-3.630406e-13  0.000000e+00 -4.287890e-01  0.000000e+00 -1.123835e-13  0.000000e+00
 0.000000e+00 -4.568078e-13  0.000000e+00 -6.144528e-02  0.000000e+00 -6.224611e-14
-5.314490e-03  0.000000e+00  2.623392e-13  0.000000e+00 -9.897612e-02  0.000000e+00
 0.000000e+00 -6.532573e-03  0.000000e+00  1.788818e-14  0.000000e+00 -4.793751e-02
Error of Orbital 0: 1.238953e-03
Error of Orbital 1: 9.061386e-04
Error of Orbital 2: 1.570817e-03
Error of Orbital 3: 1.696008e-03
Error of Orbital 4: 1.483657e-03
Error of Orbital 5: 1.752407e-03
GetAllActiveSpinorbitalUpdates took 49 seconds
UpdateOrbitals took 49 seconds
Orthonormalize orbitals
Update Integrals
One body integrals: -1.044917e+00  0.000000e+00 -8.238852e-14  0.000000e+00 -1.207573e-01  0.000000e+00
 0.000000e+00 -1.122274e+00  0.000000e+00 -3.490066e-13  0.000000e+00 -1.284413e-02
-8.260493e-14  0.000000e+00 -9.436401e-01  0.000000e+00 -5.789423e-14  0.000000e+00
 0.000000e+00 -3.490566e-13  0.000000e+00 -9.433369e-01  0.000000e+00  3.473870e-14
-1.207573e-01  0.000000e+00 -5.802997e-14  0.000000e+00 -9.394829e-01  0.000000e+00
 0.000000e+00 -1.284413e-02  0.000000e+00  3.514116e-14  0.000000e+00 -8.613153e-01
Alpha Overlap matrix: 
 1.000000e+00 -1.856154e-16 -7.216450e-16
-1.821460e-16  1.000000e+00 -7.285839e-17
-7.216450e-16 -6.938894e-17  1.000000e+00
Beta Overlap matrix: 
1.000000e+00 2.825431e-16 3.585685e-11
2.829768e-16 1.000000e+00 3.261280e-16
3.585685e-11 3.469447e-16 1.000000e+00
mn size: 36
CalculateAllIntegrals took 52 seconds
            Kinetic energy  1.432529e+00
 Nuclear attraction energy  -4.494141e+00
       Two-electron energy  7.665712e-01
 Nuclear  repulsion energy  7.575758e-01
              Total energy  -1.537465e+00
CalculateEnergies took 0 seconds
Highest error: 1.752407e-03
---------------------------------------------------
Start iteration step: 8
Spin orbital indices list for update : 0 1 2 3 4 5 
CalculateLagrangeMultiplier took 0 seconds
Lagrange Multiplier: -4.910926e-01  0.000000e+00 -2.743822e-13  0.000000e+00  7.357909e-03  0.000000e+00
 0.000000e+00 -4.002033e-01  0.000000e+00  8.615343e-14  0.000000e+00 -1.169818e-02
-3.662254e-13  0.000000e+00 -4.288404e-01  0.000000e+00 -1.099703e-13  0.000000e+00
 0.000000e+00 -4.543586e-13  0.000000e+00 -6.143430e-02  0.000000e+00 -6.177268e-14
-5.402196e-03  0.000000e+00  2.621873e-13  0.000000e+00 -9.897233e-02  0.000000e+00
 0.000000e+00 -6.542610e-03  0.000000e+00  1.888278e-14  0.000000e+00 -4.792700e-02
Error of Orbital 0: 6.656244e-04
Error of Orbital 1: 4.521932e-04
Error of Orbital 2: 8.526167e-04
Error of Orbital 3: 9.177896e-04
Error of Orbital 4: 7.809266e-04
Error of Orbital 5: 9.468655e-04
GetAllActiveSpinorbitalUpdates took 49 seconds
UpdateOrbitals took 49 seconds
Orthonormalize orbitals
Update Integrals
One body integrals: -1.044858e+00  0.000000e+00 -8.458512e-14  0.000000e+00 -1.207716e-01  0.000000e+00
 0.000000e+00 -1.122241e+00  0.000000e+00 -3.504239e-13  0.000000e+00 -1.290027e-02
-8.496806e-14  0.000000e+00 -9.436065e-01  0.000000e+00 -5.693102e-14  0.000000e+00
 0.000000e+00 -3.503428e-13  0.000000e+00 -9.432909e-01  0.000000e+00  3.796009e-14
-1.207716e-01  0.000000e+00 -5.673543e-14  0.000000e+00 -9.394899e-01  0.000000e+00
 0.000000e+00 -1.290027e-02  0.000000e+00  3.778575e-14  0.000000e+00 -8.613026e-01
Alpha Overlap matrix: 
 1.000000e+00  3.799044e-16 -6.314393e-16
 3.851086e-16  1.000000e+00  4.510281e-17
-6.314393e-16  4.510281e-17  1.000000e+00
Beta Overlap matrix: 
1.000000e+00 2.103352e-16 3.592666e-11
2.103352e-16 1.000000e+00 2.879641e-16
3.592667e-11 2.844947e-16 1.000000e+00
mn size: 36
CalculateAllIntegrals took 51 seconds
            Kinetic energy  1.430670e+00
 Nuclear attraction energy  -4.492167e+00
       Two-electron energy  7.664539e-01
 Nuclear  repulsion energy  7.575758e-01
              Total energy  -1.537467e+00
CalculateEnergies took 0 seconds
Highest error: 9.468655e-04
Convergence has been reached :-)
Save energies to a json file
Deleted: /workspaces/MRA-OrbitalOptimization/automate_process/tmp4/F.MPS.GS.0
Deleted: /workspaces/MRA-OrbitalOptimization/automate_process/tmp4/F.MPS.GS.1
Deleted: /workspaces/MRA-OrbitalOptimization/automate_process/tmp4/F.MPS.GS.2
Deleted: /workspaces/MRA-OrbitalOptimization/automate_process/tmp4/F.MPS.INFO.GS.LEFT.0
Deleted: /workspaces/MRA-OrbitalOptimization/automate_process/tmp4/F.MPS.INFO.GS.RIGHT.0
Deleted: /workspaces/MRA-OrbitalOptimization/automate_process/tmp4/F.MPS.INFO.GS.LEFT.1
Deleted: /workspaces/MRA-OrbitalOptimization/automate_process/tmp4/F.MPS.INFO.GS.RIGHT.1
Deleted: /workspaces/MRA-OrbitalOptimization/automate_process/tmp4/F.MPS.INFO.GS.LEFT.2
Deleted: /workspaces/MRA-OrbitalOptimization/automate_process/tmp4/F.MPS.INFO.GS.RIGHT.2
Deleted: /workspaces/MRA-OrbitalOptimization/automate_process/tmp4/F.MPS.INFO.GS.LEFT.3
Deleted: /workspaces/MRA-OrbitalOptimization/automate_process/tmp4/F.MPS.INFO.GS.RIGHT.3
Deleted: /workspaces/MRA-OrbitalOptimization/automate_process/tmp4/F.MPS.GS.-1
Deleted: /workspaces/MRA-OrbitalOptimization/automate_process/tmp4/GS-mps_info.bin
Deleted: /workspaces/MRA-OrbitalOptimization/automate_process/tmp4/F.MPS.INFO.PDM-KET@TMP.LEFT.0
Deleted: /workspaces/MRA-OrbitalOptimization/automate_process/tmp4/F.MPS.INFO.PDM-KET@TMP.RIGHT.0
Deleted: /workspaces/MRA-OrbitalOptimization/automate_process/tmp4/F.MPS.INFO.PDM-KET@TMP.LEFT.1
Deleted: /workspaces/MRA-OrbitalOptimization/automate_process/tmp4/F.MPS.INFO.PDM-KET@TMP.RIGHT.1
Deleted: /workspaces/MRA-OrbitalOptimization/automate_process/tmp4/F.MPS.INFO.PDM-KET@TMP.LEFT.2
Deleted: /workspaces/MRA-OrbitalOptimization/automate_process/tmp4/F.MPS.INFO.PDM-KET@TMP.RIGHT.2
Deleted: /workspaces/MRA-OrbitalOptimization/automate_process/tmp4/F.MPS.INFO.PDM-KET@TMP.LEFT.3
Deleted: /workspaces/MRA-OrbitalOptimization/automate_process/tmp4/F.MPS.INFO.PDM-KET@TMP.RIGHT.3
Deleted: /workspaces/MRA-OrbitalOptimization/automate_process/tmp4/F.MPS.PDM-KET@TMP.0
Deleted: /workspaces/MRA-OrbitalOptimization/automate_process/tmp4/F.MPS.PDM-KET@TMP.1
Deleted: /workspaces/MRA-OrbitalOptimization/automate_process/tmp4/F.MPS.PDM-KET@TMP.2
Deleted: /workspaces/MRA-OrbitalOptimization/automate_process/tmp4/F.MPS.PDM-KET@TMP.-1
Deleted: /workspaces/MRA-OrbitalOptimization/automate_process/tmp4/F0.PART.NPDM.NPDM.FRAG.1.fpc
Deleted: /workspaces/MRA-OrbitalOptimization/automate_process/tmp4/F0.PART.NPDM.NPDM.FRAG.0.fpc
converged SCF energy = -1.4160296052217  <S^2> = 1.5448259  2S+1 = 2.6794222
DMRG energy:  -1.4348839234797248
Save OrbitalTranslator Json file
Orbital Translator output:
MADNESS runtime initialized with 3 threads in the pool and affinity OFF
Alpha matrix: 
 1.213412e-01  6.389448e-16  1.020812e+00
 6.806555e-01  7.087975e-01 -2.501852e-01
 6.806555e-01 -7.087975e-01 -2.501852e-01
Beta matrix: 
 9.650474e-01 -1.301163e-15 -3.542092e-01
 8.526310e-02  7.087975e-01  7.201491e-01
 8.526310e-02 -7.087975e-01  7.201491e-01

Save SpinorbOpt Json file
Run Spin orbital refinement at bondlength  3.4
MADNESS runtime initialized with 3 threads in the pool and affinity OFF
Read orbitals and calculate the integrals
constructed nuclear correlation factor of the form
    R   =  1.000000e+00
with eprec  1.000000e-04
which means it's (nearly) a conventional calculation

Enuc: 
7.352941e-01
Frozen occupied spin orbitals: 
Active space spin orbitals indicies: 0 1 2 3 4 5 
ReadOrbitals took 0 seconds
ReadRDMFiles took 0 seconds
Alpha Beta rdms 
 9.124602e-01  0.000000e+00  7.950276e-17  0.000000e+00  5.551115e-17  0.000000e+00
 0.000000e+00  7.961815e-01  0.000000e+00 -1.404251e-18  0.000000e+00  0.000000e+00
 7.950276e-17  0.000000e+00  8.837213e-01  0.000000e+00  3.331980e-16  0.000000e+00
 0.000000e+00 -1.404251e-18  0.000000e+00  1.162787e-01  0.000000e+00  1.629356e-17
 4.857226e-17  0.000000e+00  3.331980e-16  0.000000e+00  2.038185e-01  0.000000e+00
 0.000000e+00 -2.081668e-17  0.000000e+00  1.629356e-17  0.000000e+00  8.753985e-02
orbitals_rotate 6
alpha beta orbs 6
One body integrals: -1.002380e+00  0.000000e+00 -2.699663e-13  0.000000e+00 -1.195362e-01  0.000000e+00
 0.000000e+00 -1.086057e+00  0.000000e+00  6.237543e-13  0.000000e+00 -5.388360e-04
-2.697998e-13  0.000000e+00 -9.031408e-01  0.000000e+00 -7.062571e-13  0.000000e+00
 0.000000e+00  6.235260e-13  0.000000e+00 -9.031408e-01  0.000000e+00  4.251131e-13
-1.195361e-01  0.000000e+00 -7.059691e-13  0.000000e+00 -9.152986e-01  0.000000e+00
 0.000000e+00 -5.388365e-04  0.000000e+00  4.252432e-13  0.000000e+00 -8.316214e-01
Alpha Overlap matrix: 
 1.000001e+00 -2.052525e-14 -4.210061e-07
-2.052525e-14  9.999991e-01 -5.295417e-14
-4.210061e-07 -5.295417e-14  1.000000e+00
Beta Overlap matrix: 
 1.000000e+00  4.729984e-14 -3.036966e-07
 4.729984e-14  9.999991e-01  3.199871e-14
-3.036966e-07  3.199871e-14  1.000001e+00
mn size: 36
CalculateAllIntegrals took 44 seconds
---------------------------------------------------
Start spin orbital optimization
Calculate initial energies: 
            Kinetic energy  2.144103e+00
 Nuclear attraction energy  -5.085928e+00
       Two-electron energy  7.716787e-01
 Nuclear  repulsion energy  7.352941e-01
              Total energy  -1.434853e+00
CalculateEnergies took 0 seconds
---------------------------------------------------
Start iteration step: 1
Spin orbital indices list for update : 0 1 2 3 4 5 
CalculateLagrangeMultiplier took 0 seconds
Lagrange Multiplier: -4.394967e-01  0.000000e+00 -2.491182e-13  0.000000e+00  1.207941e-02  0.000000e+00
 0.000000e+00 -3.484576e-01  0.000000e+00  7.161737e-14  0.000000e+00 -1.684589e-02
-2.659622e-13  0.000000e+00 -3.889045e-01  0.000000e+00 -1.711748e-13  0.000000e+00
 0.000000e+00  5.715034e-13  0.000000e+00 -6.260979e-02  0.000000e+00  4.765474e-14
 1.207834e-02  0.000000e+00 -6.224097e-13  0.000000e+00 -1.053937e-01  0.000000e+00
 0.000000e+00 -1.684505e-02  0.000000e+00  5.274005e-14  0.000000e+00 -5.360630e-02
Error of Orbital 0: 1.431273e-01
Error of Orbital 1: 1.674939e-01
Error of Orbital 2: 1.550194e-01
Error of Orbital 3: 1.087345e-01
Error of Orbital 4: 1.040012e-01
Error of Orbital 5: 9.831436e-02
GetAllActiveSpinorbitalUpdates took 45 seconds
UpdateOrbitals took 45 seconds
Orthonormalize orbitals
Update Integrals
One body integrals: -1.024962e+00  0.000000e+00  8.995452e-14  0.000000e+00 -1.173030e-01  0.000000e+00
 0.000000e+00 -1.105700e+00  0.000000e+00 -6.491335e-14  0.000000e+00 -5.161064e-03
 9.042767e-14  0.000000e+00 -9.304628e-01  0.000000e+00  4.498138e-14  0.000000e+00
 0.000000e+00 -6.480168e-14  0.000000e+00 -9.282964e-01  0.000000e+00 -3.295454e-14
-1.173030e-01  0.000000e+00  4.468995e-14  0.000000e+00 -9.361711e-01  0.000000e+00
 0.000000e+00 -5.161065e-03  0.000000e+00 -3.248617e-14  0.000000e+00 -8.535804e-01
Alpha Overlap matrix: 
 1.000000e+00  5.377643e-17 -3.096176e-12
 5.724587e-17  1.000000e+00 -4.857226e-17
-3.096162e-12 -4.510281e-17  1.000000e+00
Beta Overlap matrix: 
 1.000000e+00 -2.966377e-16  1.838325e-11
-2.944693e-16  1.000000e+00 -1.179612e-16
 1.838325e-11 -1.318390e-16  1.000000e+00
mn size: 36
CalculateAllIntegrals took 50 seconds
            Kinetic energy  1.662031e+00
 Nuclear attraction energy  -4.673347e+00
       Two-electron energy  7.531998e-01
 Nuclear  repulsion energy  7.352941e-01
              Total energy  -1.522823e+00
CalculateEnergies took 0 seconds
Highest error: 1.674939e-01
---------------------------------------------------
Start iteration step: 2
Spin orbital indices list for update : 0 1 2 3 4 5 
CalculateLagrangeMultiplier took 0 seconds
Lagrange Multiplier: -4.759785e-01  0.000000e+00  5.850394e-14  0.000000e+00  8.308653e-03  0.000000e+00
 0.000000e+00 -3.853004e-01  0.000000e+00  4.196770e-14  0.000000e+00 -1.230946e-02
 1.087558e-13  0.000000e+00 -4.216402e-01  0.000000e+00  1.066696e-13  0.000000e+00
 0.000000e+00 -3.422458e-13  0.000000e+00 -6.421858e-02  0.000000e+00 -2.770563e-14
-1.966510e-03  0.000000e+00 -1.391751e-13  0.000000e+00 -1.058406e-01  0.000000e+00
 0.000000e+00 -7.323839e-03  0.000000e+00  1.966264e-14  0.000000e+00 -5.193866e-02
Error of Orbital 0: 3.845913e-02
Error of Orbital 1: 3.756793e-02
Error of Orbital 2: 4.385203e-02
Error of Orbital 3: 4.514068e-02
Error of Orbital 4: 4.670444e-02
Error of Orbital 5: 5.054885e-02
GetAllActiveSpinorbitalUpdates took 49 seconds
UpdateOrbitals took 49 seconds
Orthonormalize orbitals
Update Integrals
One body integrals: -1.025086e+00  0.000000e+00  9.549002e-14  0.000000e+00 -1.166504e-01  0.000000e+00
 0.000000e+00 -1.105396e+00  0.000000e+00 -1.294965e-13  0.000000e+00 -7.539930e-03
 9.519208e-14  0.000000e+00 -9.322484e-01  0.000000e+00  4.355500e-14  0.000000e+00
 0.000000e+00 -1.293191e-13  0.000000e+00 -9.314567e-01  0.000000e+00 -1.786765e-15
-1.166504e-01  0.000000e+00  4.344355e-14  0.000000e+00 -9.388770e-01  0.000000e+00
 0.000000e+00 -7.539930e-03  0.000000e+00 -1.461505e-15  0.000000e+00 -8.575828e-01
Alpha Overlap matrix: 
 1.000000e+00 -4.857226e-16 -3.180858e-12
-4.874573e-16  1.000000e+00 -7.979728e-17
-3.180858e-12 -9.540979e-17  1.000000e+00
Beta Overlap matrix: 
 1.000000e+00 -1.778092e-16  2.110483e-11
-1.749902e-16  1.000000e+00  3.191891e-16
 2.110482e-11  3.226586e-16  1.000000e+00
mn size: 36
CalculateAllIntegrals took 49 seconds
            Kinetic energy  1.542046e+00
 Nuclear attraction energy  -4.556082e+00
       Two-electron energy  7.482704e-01
 Nuclear  repulsion energy  7.352941e-01
              Total energy  -1.530471e+00
CalculateEnergies took 0 seconds
Highest error: 5.054885e-02
---------------------------------------------------
Start iteration step: 3
Spin orbital indices list for update : 0 1 2 3 4 5 
CalculateLagrangeMultiplier took 0 seconds
Lagrange Multiplier: -4.804040e-01  0.000000e+00  1.071761e-13  0.000000e+00  7.546165e-03  0.000000e+00
 0.000000e+00 -3.896626e-01  0.000000e+00  8.174238e-14  0.000000e+00 -1.189424e-02
 1.685094e-13  0.000000e+00 -4.255098e-01  0.000000e+00  1.109046e-13  0.000000e+00
 0.000000e+00 -3.559873e-13  0.000000e+00 -6.428869e-02  0.000000e+00 -3.252979e-14
-3.821392e-03  0.000000e+00 -2.515230e-13  0.000000e+00 -1.058778e-01  0.000000e+00
 0.000000e+00 -6.690786e-03  0.000000e+00  2.665610e-14  0.000000e+00 -5.175204e-02
Error of Orbital 0: 1.777784e-02
Error of Orbital 1: 1.657557e-02
Error of Orbital 2: 2.064653e-02
Error of Orbital 3: 2.192288e-02
Error of Orbital 4: 2.147261e-02
Error of Orbital 5: 2.323136e-02
GetAllActiveSpinorbitalUpdates took 49 seconds
UpdateOrbitals took 49 seconds
Orthonormalize orbitals
Update Integrals
One body integrals: -1.024517e+00  0.000000e+00  1.022580e-13  0.000000e+00 -1.165055e-01  0.000000e+00
 0.000000e+00 -1.104776e+00  0.000000e+00 -1.572577e-13  0.000000e+00 -8.613177e-03
 1.020690e-13  0.000000e+00 -9.323813e-01  0.000000e+00  4.331865e-14  0.000000e+00
 0.000000e+00 -1.572408e-13  0.000000e+00 -9.318957e-01  0.000000e+00  1.187331e-14
-1.165055e-01  0.000000e+00  4.317857e-14  0.000000e+00 -9.392174e-01  0.000000e+00
 0.000000e+00 -8.613178e-03  0.000000e+00  1.219337e-14  0.000000e+00 -8.582617e-01
Alpha Overlap matrix: 
 1.000000e+00  1.700029e-16 -3.102005e-12
 1.682682e-16  1.000000e+00 -1.387779e-16
-3.102005e-12 -1.370432e-16  1.000000e+00
Beta Overlap matrix: 
 1.000000e+00 -8.517492e-16  2.198244e-11
-8.510987e-16  1.000000e+00  1.734723e-16
 2.198244e-11  1.769418e-16  1.000000e+00
mn size: 36
CalculateAllIntegrals took 48 seconds
            Kinetic energy  1.488764e+00
 Nuclear attraction energy  -4.502084e+00
       Two-electron energy  7.458658e-01
 Nuclear  repulsion energy  7.352941e-01
              Total energy  -1.532160e+00
CalculateEnergies took 0 seconds
Highest error: 2.323136e-02
---------------------------------------------------
Start iteration step: 4
Spin orbital indices list for update : 0 1 2 3 4 5 
CalculateLagrangeMultiplier took 0 seconds
Lagrange Multiplier: -4.819441e-01  0.000000e+00  1.339881e-13  0.000000e+00  7.165378e-03  0.000000e+00
 0.000000e+00 -3.913018e-01  0.000000e+00  9.108897e-14  0.000000e+00 -1.172836e-02
 1.994989e-13  0.000000e+00 -4.267305e-01  0.000000e+00  1.037520e-13  0.000000e+00
 0.000000e+00 -3.482849e-13  0.000000e+00 -6.424281e-02  0.000000e+00 -3.302982e-14
-4.771104e-03  0.000000e+00 -2.827965e-13  0.000000e+00 -1.057746e-01  0.000000e+00
 0.000000e+00 -6.453734e-03  0.000000e+00  3.000373e-14  0.000000e+00 -5.159485e-02
Error of Orbital 0: 8.902624e-03
Error of Orbital 1: 7.913080e-03
Error of Orbital 2: 1.052875e-02
Error of Orbital 3: 1.128088e-02
Error of Orbital 4: 1.065548e-02
Error of Orbital 5: 1.173853e-02
GetAllActiveSpinorbitalUpdates took 47 seconds
UpdateOrbitals took 48 seconds
Orthonormalize orbitals
Update Integrals
One body integrals: -1.024069e+00  0.000000e+00  1.093821e-13  0.000000e+00 -1.164907e-01  0.000000e+00
 0.000000e+00 -1.104375e+00  0.000000e+00 -1.714507e-13  0.000000e+00 -9.166802e-03
 1.091020e-13  0.000000e+00 -9.322705e-01  0.000000e+00  4.104529e-14  0.000000e+00
 0.000000e+00 -1.716692e-13  0.000000e+00 -9.318355e-01  0.000000e+00  2.308397e-14
-1.164907e-01  0.000000e+00  4.098891e-14  0.000000e+00 -9.392215e-01  0.000000e+00
 0.000000e+00 -9.166803e-03  0.000000e+00  2.284978e-14  0.000000e+00 -8.583439e-01
Alpha Overlap matrix: 
 1.000000e+00 -1.734723e-17 -3.016851e-12
-1.040834e-17  1.000000e+00  5.377643e-17
-3.016865e-12  5.898060e-17  1.000000e+00
Beta Overlap matrix: 
 1.000000e+00 -4.510281e-17  2.228428e-11
-4.488597e-17  1.000000e+00  3.122502e-17
 2.228428e-11  2.428613e-17  1.000000e+00
mn size: 36
CalculateAllIntegrals took 47 seconds
            Kinetic energy  1.462669e+00
 Nuclear attraction energy  -4.475164e+00
       Two-electron energy  7.446118e-01
 Nuclear  repulsion energy  7.352941e-01
              Total energy  -1.532589e+00
CalculateEnergies took 0 seconds
Highest error: 1.173853e-02
---------------------------------------------------
Start iteration step: 5
Spin orbital indices list for update : 0 1 2 3 4 5 
CalculateLagrangeMultiplier took 0 seconds
Lagrange Multiplier: -4.825936e-01  0.000000e+00  1.496585e-13  0.000000e+00  6.965240e-03  0.000000e+00
 0.000000e+00 -3.920535e-01  0.000000e+00  9.217124e-14  0.000000e+00 -1.165665e-02
 2.169152e-13  0.000000e+00 -4.272077e-01  0.000000e+00  9.670929e-14  0.000000e+00
 0.000000e+00 -3.401370e-13  0.000000e+00 -6.419867e-02  0.000000e+00 -3.236236e-14
-5.279373e-03  0.000000e+00 -2.914592e-13  0.000000e+00 -1.057105e-01  0.000000e+00
 0.000000e+00 -6.371416e-03  0.000000e+00  3.234505e-14  0.000000e+00 -5.150775e-02
Error of Orbital 0: 4.625406e-03
Error of Orbital 1: 3.904957e-03
Error of Orbital 2: 5.553493e-03
Error of Orbital 3: 5.964120e-03
Error of Orbital 4: 5.453143e-03
Error of Orbital 5: 6.149683e-03
GetAllActiveSpinorbitalUpdates took 47 seconds
UpdateOrbitals took 48 seconds
Orthonormalize orbitals
Update Integrals
One body integrals: -1.023784e+00  0.000000e+00  1.136135e-13  0.000000e+00 -1.165079e-01  0.000000e+00
 0.000000e+00 -1.104151e+00  0.000000e+00 -1.785204e-13  0.000000e+00 -9.466993e-03
 1.138759e-13  0.000000e+00 -9.321576e-01  0.000000e+00  3.813703e-14  0.000000e+00
 0.000000e+00 -1.785924e-13  0.000000e+00 -9.317119e-01  0.000000e+00  3.139676e-14
-1.165079e-01  0.000000e+00  3.815698e-14  0.000000e+00 -9.391957e-01  0.000000e+00
 0.000000e+00 -9.466993e-03  0.000000e+00  3.141237e-14  0.000000e+00 -8.583154e-01
Alpha Overlap matrix: 
 1.000000e+00  4.250073e-16 -2.953401e-12
 4.319461e-16  1.000000e+00  9.020562e-17
-2.953401e-12  8.326673e-17  1.000000e+00
Beta Overlap matrix: 
 1.000000e+00 -3.686287e-17  2.241135e-11
-3.707971e-17  1.000000e+00  1.353084e-16
 2.241134e-11  1.214306e-16  1.000000e+00
mn size: 36
CalculateAllIntegrals took 48 seconds
            Kinetic energy  1.449333e+00
 Nuclear attraction energy  -4.461268e+00
       Two-electron energy  7.439377e-01
 Nuclear  repulsion energy  7.352941e-01
              Total energy  -1.532703e+00
CalculateEnergies took 0 seconds
Highest error: 6.149683e-03
---------------------------------------------------
Start iteration step: 6
Spin orbital indices list for update : 0 1 2 3 4 5 
CalculateLagrangeMultiplier took 0 seconds
Lagrange Multiplier: -4.828968e-01  0.000000e+00  1.577378e-13  0.000000e+00  6.857530e-03  0.000000e+00
 0.000000e+00 -3.924334e-01  0.000000e+00  9.127789e-14  0.000000e+00 -1.162430e-02
 2.266648e-13  0.000000e+00 -4.274179e-01  0.000000e+00  9.181620e-14  0.000000e+00
 0.000000e+00 -3.345537e-13  0.000000e+00 -6.416943e-02  0.000000e+00 -3.170503e-14
-5.558386e-03  0.000000e+00 -2.939203e-13  0.000000e+00 -1.056798e-01  0.000000e+00
 0.000000e+00 -6.348155e-03  0.000000e+00  3.411187e-14  0.000000e+00 -5.146253e-02
Error of Orbital 0: 2.450411e-03
Error of Orbital 1: 1.956406e-03
Error of Orbital 2: 2.978183e-03
Error of Orbital 3: 3.197026e-03
Error of Orbital 4: 2.833965e-03
Error of Orbital 5: 3.280427e-03
GetAllActiveSpinorbitalUpdates took 46 seconds
UpdateOrbitals took 46 seconds
Orthonormalize orbitals
Update Integrals
One body integrals: -1.023615e+00  0.000000e+00  1.175995e-13  0.000000e+00 -1.165285e-01  0.000000e+00
 0.000000e+00 -1.104032e+00  0.000000e+00 -1.821221e-13  0.000000e+00 -9.633358e-03
 1.174460e-13  0.000000e+00 -9.320780e-01  0.000000e+00  3.574615e-14  0.000000e+00
 0.000000e+00 -1.820887e-13  0.000000e+00 -9.316116e-01  0.000000e+00  3.741625e-14
-1.165285e-01  0.000000e+00  3.584286e-14  0.000000e+00 -9.391819e-01  0.000000e+00
