Deleted: /workspaces/MRA-OrbitalOptimization/automate_process/tmp4/F.MPS.GS.0
Deleted: /workspaces/MRA-OrbitalOptimization/automate_process/tmp4/F.MPS.GS.1
Deleted: /workspaces/MRA-OrbitalOptimization/automate_process/tmp4/F.MPS.GS.2
Deleted: /workspaces/MRA-OrbitalOptimization/automate_process/tmp4/F.MPS.INFO.GS.LEFT.0
Deleted: /workspaces/MRA-OrbitalOptimization/automate_process/tmp4/F.MPS.INFO.GS.RIGHT.0
Deleted: /workspaces/MRA-OrbitalOptimization/automate_process/tmp4/F.MPS.INFO.GS.LEFT.1
Deleted: /workspaces/MRA-OrbitalOptimization/automate_process/tmp4/F.MPS.INFO.GS.RIGHT.1
Deleted: /workspaces/MRA-OrbitalOptimization/automate_process/tmp4/F.MPS.INFO.GS.LEFT.2
Deleted: /workspaces/MRA-OrbitalOptimization/automate_process/tmp4/F.MPS.INFO.GS.RIGHT.2
Deleted: /workspaces/MRA-OrbitalOptimization/automate_process/tmp4/F.MPS.INFO.GS.LEFT.3
Deleted: /workspaces/MRA-OrbitalOptimization/automate_process/tmp4/F.MPS.INFO.GS.RIGHT.3
Deleted: /workspaces/MRA-OrbitalOptimization/automate_process/tmp4/F.MPS.GS.-1
Deleted: /workspaces/MRA-OrbitalOptimization/automate_process/tmp4/GS-mps_info.bin
Deleted: /workspaces/MRA-OrbitalOptimization/automate_process/tmp4/F.MPS.INFO.PDM-KET@TMP.LEFT.0
Deleted: /workspaces/MRA-OrbitalOptimization/automate_process/tmp4/F.MPS.INFO.PDM-KET@TMP.RIGHT.0
Deleted: /workspaces/MRA-OrbitalOptimization/automate_process/tmp4/F.MPS.INFO.PDM-KET@TMP.LEFT.1
Deleted: /workspaces/MRA-OrbitalOptimization/automate_process/tmp4/F.MPS.INFO.PDM-KET@TMP.RIGHT.1
Deleted: /workspaces/MRA-OrbitalOptimization/automate_process/tmp4/F.MPS.INFO.PDM-KET@TMP.LEFT.2
Deleted: /workspaces/MRA-OrbitalOptimization/automate_process/tmp4/F.MPS.INFO.PDM-KET@TMP.RIGHT.2
Deleted: /workspaces/MRA-OrbitalOptimization/automate_process/tmp4/F.MPS.INFO.PDM-KET@TMP.LEFT.3
Deleted: /workspaces/MRA-OrbitalOptimization/automate_process/tmp4/F.MPS.INFO.PDM-KET@TMP.RIGHT.3
Deleted: /workspaces/MRA-OrbitalOptimization/automate_process/tmp4/F.MPS.PDM-KET@TMP.0
Deleted: /workspaces/MRA-OrbitalOptimization/automate_process/tmp4/F.MPS.PDM-KET@TMP.1
Deleted: /workspaces/MRA-OrbitalOptimization/automate_process/tmp4/F.MPS.PDM-KET@TMP.2
Deleted: /workspaces/MRA-OrbitalOptimization/automate_process/tmp4/F.MPS.PDM-KET@TMP.-1
Deleted: /workspaces/MRA-OrbitalOptimization/automate_process/tmp4/F0.PART.NPDM.NPDM.FRAG.1.fpc
Deleted: /workspaces/MRA-OrbitalOptimization/automate_process/tmp4/F0.PART.NPDM.NPDM.FRAG.0.fpc
converged SCF energy = 0.636266004741686  <S^2> = 0.75081095  2S+1 = 2.0008108
terminate called after throwing an instance of 'madness::TensorException'
  what():  TENSOR ASSERTION FAILED: "/opt/madness/src/madness/tensor/lapack.cc"(983): (s/d)syev/(c/z)heev failed
DMRG energy:  0.631106675792311
Save OrbitalTranslator Json file
Orbital Translator output:
MADNESS runtime initialized with 3 threads in the pool and affinity OFF
Alpha matrix: 
 9.101022e-01 -2.289823e-15  8.045155e+00
 4.775794e-02 -1.567823e+00 -4.270997e+00
 4.775794e-02  1.567823e+00 -4.270997e+00
Beta matrix: 
 1.138836e+00 -9.082370e-15  8.015975e+00
-7.388719e-02  1.567823e+00 -4.270624e+00
-7.388719e-02 -1.567823e+00 -4.270624e+00

Save SpinorbOpt Json file
Run Spin orbital refinement at bondlength  0.5
MADNESS runtime initialized with 3 threads in the pool and affinity OFF
Read orbitals and calculate the integrals
constructed nuclear correlation factor of the form
    R   =  1.000000e+00
with eprec  1.000000e-04
which means it's (nearly) a conventional calculation

Enuc: 
5.000000e+00
Frozen occupied spin orbitals: 
Active space spin orbitals indicies: 0 1 2 3 4 5 
ReadOrbitals took 0 seconds
ReadRDMFiles took 0 seconds
Alpha Beta rdms 
 9.997184e-01  0.000000e+00  1.306913e-19  0.000000e+00 -3.577867e-17  0.000000e+00
 0.000000e+00  9.990325e-01  0.000000e+00 -4.482043e-20  0.000000e+00  0.000000e+00
 1.306913e-19  0.000000e+00  9.993141e-01  0.000000e+00  6.676583e-17  0.000000e+00
 0.000000e+00 -4.482043e-20  0.000000e+00  6.859166e-04  0.000000e+00  1.679431e-20
-3.572023e-17  0.000000e+00  6.676583e-17  0.000000e+00  9.675349e-04  0.000000e+00
 0.000000e+00 -2.596685e-20  0.000000e+00  1.679431e-20  0.000000e+00  2.816183e-04
orbitals_rotate 6
alpha beta orbs 6
One body integrals: -2.587362e+00  0.000000e+00 -3.732344e-14  0.000000e+00 -3.039675e-01  0.000000e+00
 0.000000e+00 -2.600720e+00  0.000000e+00 -2.687954e-15  0.000000e+00 -1.971154e-01
-3.621409e-14  0.000000e+00 -1.233248e+00  0.000000e+00 -4.971544e-14  0.000000e+00
 0.000000e+00 -2.126771e-15  0.000000e+00 -1.233248e+00  0.000000e+00  1.140026e-13
-3.039675e-01  0.000000e+00 -4.971371e-14  0.000000e+00  1.407295e+00  0.000000e+00
 0.000000e+00 -1.971154e-01  0.000000e+00  1.139280e-13  0.000000e+00  1.420654e+00
Alpha Overlap matrix: 
 1.000000e+00  1.663600e-15 -9.289534e-11
 1.663600e-15  1.000000e+00  2.011412e-14
-9.289534e-11  2.011412e-14  1.000000e+00
Beta Overlap matrix: 
 1.000000e+00 -1.970646e-15 -1.223542e-10
-1.970646e-15  1.000000e+00 -1.959023e-14
-1.223542e-10 -1.959023e-14  1.000000e+00
mn size: 36
CalculateAllIntegrals took 34 seconds
---------------------------------------------------
Start spin orbital optimization
Calculate initial energies: 
            Kinetic energy  3.391510e+00
 Nuclear attraction energy  -9.807833e+00
       Two-electron energy  2.047482e+00
 Nuclear  repulsion energy  5.000000e+00
              Total energy  6.311588e-01
CalculateEnergies took 0 seconds
---------------------------------------------------
Start iteration step: 1
Skip optimization of spin orbital 3, since the occupation is less than NO_occupation_thresh (1.000000e-03)
Skip optimization of spin orbital 4, since the occupation is less than NO_occupation_thresh (1.000000e-03)
Skip optimization of spin orbital 5, since the occupation is less than NO_occupation_thresh (1.000000e-03)
Spin orbital indices list for update : 0 1 2 
CalculateLagrangeMultiplier took 0 seconds
Lagrange Multiplier: -1.246398e+00  0.000000e+00 -3.574149e-14  0.000000e+00  1.178159e-03  0.000000e+00
 0.000000e+00 -1.113631e+00  0.000000e+00 -2.766745e-16  0.000000e+00 -2.400408e-03
-3.457615e-14  0.000000e+00  4.509144e-02  0.000000e+00  1.133470e-16  0.000000e+00
 0.000000e+00  2.951549e-15  0.000000e+00 -2.680298e-03  0.000000e+00  2.462192e-18
 1.194441e-03  0.000000e+00 -3.000318e-14  0.000000e+00 -2.270731e-03  0.000000e+00
 0.000000e+00 -2.382020e-03  0.000000e+00  7.232644e-17  0.000000e+00 -1.470384e-03
Error of Orbital 0: 1.778662e-01
Error of Orbital 1: 1.678097e-01
Error of Orbital 2: 1.000000e+00
GetAllActiveSpinorbitalUpdates took 14 seconds
UpdateOrbitals took 14 seconds
Orthonormalize orbitals
Update Integrals
One body integrals:          -nan  0.000000e+00          -nan  0.000000e+00          -nan  0.000000e+00
 0.000000e+00 -2.858106e+00  0.000000e+00 -6.799249e-15  0.000000e+00 -2.694821e-01
         -nan  0.000000e+00          -nan  0.000000e+00          -nan  0.000000e+00
 0.000000e+00 -7.796715e-15  0.000000e+00 -1.233248e+00  0.000000e+00  9.460835e-14
         -nan  0.000000e+00          -nan  0.000000e+00          -nan  0.000000e+00
 0.000000e+00 -2.694821e-01  0.000000e+00  9.396650e-14  0.000000e+00  1.458243e+00
Alpha Overlap matrix: 
-nan -nan -nan
-nan -nan -nan
-nan -nan -nan
Beta Overlap matrix: 
 1.000000e+00 -2.671474e-16  2.330006e-10
-2.671474e-16  1.000000e+00 -1.665335e-16
 2.330006e-10 -1.665335e-16  1.000000e+00
mn size: 36
CalculateAllIntegrals took 16 seconds
            Kinetic energy  -nan
 Nuclear attraction energy  -nan
       Two-electron energy  -nan
 Nuclear  repulsion energy  5.000000e+00
              Total energy  -nan
CalculateEnergies took 0 seconds
Highest error: 1.000000e+00
---------------------------------------------------
Start iteration step: 2
Skip optimization of spin orbital 3, since the occupation is less than NO_occupation_thresh (1.000000e-03)
Skip optimization of spin orbital 4, since the occupation is less than NO_occupation_thresh (1.000000e-03)
Skip optimization of spin orbital 5, since the occupation is less than NO_occupation_thresh (1.000000e-03)
Spin orbital indices list for update : 0 1 2 
CalculateLagrangeMultiplier took 0 seconds
Lagrange Multiplier:          -nan          -nan          -nan          -nan          -nan          -nan
 0.000000e+00 -2.855341e+00  0.000000e+00 -4.663718e-18  0.000000e+00 -7.589110e-05
         -nan          -nan          -nan          -nan          -nan          -nan
 0.000000e+00 -7.789171e-15  0.000000e+00 -8.459050e-04  0.000000e+00  2.664344e-17
         -nan          -nan          -nan          -nan          -nan          -nan
 0.000000e+00 -2.692214e-01  0.000000e+00  6.445318e-17  0.000000e+00  4.106680e-04
Error of Orbital 0: -nan
Error of Orbital 1: 1.000000e+00
Error of Orbital 2: -nan
GetAllActiveSpinorbitalUpdates took 11 seconds
UpdateOrbitals took 11 seconds
Orthonormalize orbitals
Deleted: /workspaces/MRA-OrbitalOptimization/automate_process/tmp4/F.MPS.GS.0
Deleted: /workspaces/MRA-OrbitalOptimization/automate_process/tmp4/F.MPS.GS.1
Deleted: /workspaces/MRA-OrbitalOptimization/automate_process/tmp4/F.MPS.GS.2
Deleted: /workspaces/MRA-OrbitalOptimization/automate_process/tmp4/F.MPS.INFO.GS.LEFT.0
Deleted: /workspaces/MRA-OrbitalOptimization/automate_process/tmp4/F.MPS.INFO.GS.RIGHT.0
Deleted: /workspaces/MRA-OrbitalOptimization/automate_process/tmp4/F.MPS.INFO.GS.LEFT.1
Deleted: /workspaces/MRA-OrbitalOptimization/automate_process/tmp4/F.MPS.INFO.GS.RIGHT.1
Deleted: /workspaces/MRA-OrbitalOptimization/automate_process/tmp4/F.MPS.INFO.GS.LEFT.2
Deleted: /workspaces/MRA-OrbitalOptimization/automate_process/tmp4/F.MPS.INFO.GS.RIGHT.2
Deleted: /workspaces/MRA-OrbitalOptimization/automate_process/tmp4/F.MPS.INFO.GS.LEFT.3
Deleted: /workspaces/MRA-OrbitalOptimization/automate_process/tmp4/F.MPS.INFO.GS.RIGHT.3
Deleted: /workspaces/MRA-OrbitalOptimization/automate_process/tmp4/F.MPS.GS.-1
Deleted: /workspaces/MRA-OrbitalOptimization/automate_process/tmp4/GS-mps_info.bin
Deleted: /workspaces/MRA-OrbitalOptimization/automate_process/tmp4/F.MPS.INFO.PDM-KET@TMP.LEFT.0
Deleted: /workspaces/MRA-OrbitalOptimization/automate_process/tmp4/F.MPS.INFO.PDM-KET@TMP.RIGHT.0
Deleted: /workspaces/MRA-OrbitalOptimization/automate_process/tmp4/F.MPS.INFO.PDM-KET@TMP.LEFT.1
Deleted: /workspaces/MRA-OrbitalOptimization/automate_process/tmp4/F.MPS.INFO.PDM-KET@TMP.RIGHT.1
Deleted: /workspaces/MRA-OrbitalOptimization/automate_process/tmp4/F.MPS.INFO.PDM-KET@TMP.LEFT.2
Deleted: /workspaces/MRA-OrbitalOptimization/automate_process/tmp4/F.MPS.INFO.PDM-KET@TMP.RIGHT.2
Deleted: /workspaces/MRA-OrbitalOptimization/automate_process/tmp4/F.MPS.INFO.PDM-KET@TMP.LEFT.3
Deleted: /workspaces/MRA-OrbitalOptimization/automate_process/tmp4/F.MPS.INFO.PDM-KET@TMP.RIGHT.3
Deleted: /workspaces/MRA-OrbitalOptimization/automate_process/tmp4/F.MPS.PDM-KET@TMP.0
Deleted: /workspaces/MRA-OrbitalOptimization/automate_process/tmp4/F.MPS.PDM-KET@TMP.1
Deleted: /workspaces/MRA-OrbitalOptimization/automate_process/tmp4/F.MPS.PDM-KET@TMP.2
Deleted: /workspaces/MRA-OrbitalOptimization/automate_process/tmp4/F.MPS.PDM-KET@TMP.-1
Deleted: /workspaces/MRA-OrbitalOptimization/automate_process/tmp4/F0.PART.NPDM.NPDM.FRAG.1.fpc
Deleted: /workspaces/MRA-OrbitalOptimization/automate_process/tmp4/F0.PART.NPDM.NPDM.FRAG.0.fpc
converged SCF energy = -0.0804659953130313  <S^2> = 0.7511222  2S+1 = 2.0011219
DMRG energy:  -0.08632044433104813
Save OrbitalTranslator Json file
Orbital Translator output:
MADNESS runtime initialized with 3 threads in the pool and affinity OFF
Alpha matrix: 
 7.084816e-01 -5.554135e-15  5.922210e+00
 1.583684e-01 -1.357437e+00 -3.203842e+00
 1.583684e-01  1.357437e+00 -3.203842e+00
Beta matrix: 
 9.064738e-01 -1.991181e-14  5.895152e+00
 5.095301e-02 -1.357437e+00 -3.207349e+00
 5.095301e-02  1.357437e+00 -3.207349e+00

Save SpinorbOpt Json file
Run Spin orbital refinement at bondlength  0.6
MADNESS runtime initialized with 3 threads in the pool and affinity OFF
Read orbitals and calculate the integrals
constructed nuclear correlation factor of the form
    R   =  1.000000e+00
with eprec  1.000000e-04
which means it's (nearly) a conventional calculation

Enuc: 
4.166667e+00
Frozen occupied spin orbitals: 
Active space spin orbitals indicies: 0 1 2 3 4 5 
ReadOrbitals took 0 seconds
ReadRDMFiles took 0 seconds
Alpha Beta rdms 
 9.996581e-01  0.000000e+00 -1.025524e-19  0.000000e+00 -5.767956e-17  0.000000e+00
 0.000000e+00  9.987315e-01  0.000000e+00  2.293579e-20  0.000000e+00  0.000000e+00
-1.025524e-19  0.000000e+00  9.990733e-01  0.000000e+00 -9.129409e-17  0.000000e+00
 0.000000e+00  2.293579e-20  0.000000e+00  9.266571e-04  0.000000e+00 -1.280907e-19
-5.788666e-17  0.000000e+00 -9.129409e-17  0.000000e+00  1.268547e-03  0.000000e+00
 0.000000e+00  2.652272e-20  0.000000e+00 -1.280907e-19  0.000000e+00  3.418900e-04
orbitals_rotate 6
alpha beta orbs 6
One body integrals: -2.468436e+00  0.000000e+00  6.318210e-14  0.000000e+00 -2.874152e-01  0.000000e+00
 0.000000e+00 -2.482879e+00  0.000000e+00 -1.431017e-14  0.000000e+00 -1.777338e-01
 6.292319e-14  0.000000e+00 -1.286971e+00  0.000000e+00  2.451511e-14  0.000000e+00
 0.000000e+00 -1.425162e-14  0.000000e+00 -1.286971e+00  0.000000e+00  1.873172e-13
-2.874152e-01  0.000000e+00  2.513441e-14  0.000000e+00  1.049587e+00  0.000000e+00
 0.000000e+00 -1.777338e-01  0.000000e+00  1.871524e-13  0.000000e+00  1.064030e+00
Alpha Overlap matrix: 
 1.000000e+00  1.597680e-15 -4.740993e-11
 1.597680e-15  1.000000e+00  1.540088e-14
-4.740993e-11  1.540088e-14  1.000000e+00
Beta Overlap matrix: 
 1.000000e+00  2.074729e-15 -6.508671e-11
 2.074729e-15  1.000000e+00  1.525863e-14
-6.508671e-11  1.525863e-14  1.000000e+00
mn size: 36
CalculateAllIntegrals took 34 seconds
---------------------------------------------------
Start spin orbital optimization
Calculate initial energies: 
            Kinetic energy  3.112728e+00
 Nuclear attraction energy  -9.345324e+00
       Two-electron energy  1.979654e+00
 Nuclear  repulsion energy  4.166667e+00
              Total energy  -8.627597e-02
CalculateEnergies took 0 seconds
---------------------------------------------------
Start iteration step: 1
Skip optimization of spin orbital 3, since the occupation is less than NO_occupation_thresh (1.000000e-03)
Skip optimization of spin orbital 5, since the occupation is less than NO_occupation_thresh (1.000000e-03)
Spin orbital indices list for update : 0 1 2 4 
CalculateLagrangeMultiplier took 0 seconds
Lagrange Multiplier: -1.172399e+00  0.000000e+00  5.917701e-14  0.000000e+00  1.729272e-03  0.000000e+00
 0.000000e+00 -1.038206e+00  0.000000e+00 -2.960340e-17  0.000000e+00 -2.478614e-03
 5.894066e-14  0.000000e+00 -5.521389e-02  0.000000e+00 -1.069717e-16  0.000000e+00
 0.000000e+00  9.831449e-16  0.000000e+00 -3.269654e-03  0.000000e+00 -1.693359e-17
 1.739878e-03  0.000000e+00  2.069344e-14  0.000000e+00 -2.606335e-03  0.000000e+00
 0.000000e+00 -2.464828e-03  0.000000e+00  2.191095e-16  0.000000e+00 -1.593517e-03
Error of Orbital 0: 1.587162e-01
Error of Orbital 1: 1.467539e-01
Error of Orbital 2: 7.791112e-01
Error of Orbital 4: 3.769356e-01
GetAllActiveSpinorbitalUpdates took 22 seconds
UpdateOrbitals took 22 seconds
Orthonormalize orbitals
Update Integrals
One body integrals: -2.670721e+00  0.000000e+00  7.635212e-14  0.000000e+00 -2.962673e-01  0.000000e+00
 0.000000e+00 -2.679918e+00  0.000000e+00 -1.865001e-14  0.000000e+00 -2.215027e-01
 7.563351e-14  0.000000e+00 -1.161401e+00  0.000000e+00  2.481869e-14  0.000000e+00
 0.000000e+00 -1.867690e-14  0.000000e+00 -1.286971e+00  0.000000e+00  2.080992e-13
-2.962673e-01  0.000000e+00  2.430087e-14  0.000000e+00  2.914377e-01  0.000000e+00
 0.000000e+00 -2.215027e-01  0.000000e+00  2.066732e-13  0.000000e+00  1.090300e+00
Alpha Overlap matrix: 
1.000000e+00 2.775558e-16 1.650555e-13
2.775558e-16 1.000000e+00 8.326673e-17
1.650555e-13 8.326673e-17 1.000000e+00
Beta Overlap matrix: 
1.000000e+00 6.591949e-17 7.390037e-11
6.938894e-17 1.000000e+00 7.632783e-17
7.390036e-11 7.632783e-17 1.000000e+00
mn size: 36
CalculateAllIntegrals took 43 seconds
            Kinetic energy  2.715832e+00
 Nuclear attraction energy  -9.222934e+00
       Two-electron energy  1.848310e+00
 Nuclear  repulsion energy  4.166667e+00
              Total energy  -4.921250e-01
CalculateEnergies took 0 seconds
Highest error: 7.791112e-01
---------------------------------------------------
Start iteration step: 2
Skip optimization of spin orbital 3, since the occupation is less than NO_occupation_thresh (1.000000e-03)
Skip optimization of spin orbital 5, since the occupation is less than NO_occupation_thresh (1.000000e-03)
Spin orbital indices list for update : 0 1 2 4 
CalculateLagrangeMultiplier took 0 seconds
Lagrange Multiplier: -1.348744e+00  0.000000e+00  6.128958e-14  0.000000e+00  5.724868e-04  0.000000e+00
 0.000000e+00 -1.266186e+00  0.000000e+00 -1.525218e-16  0.000000e+00 -2.460455e-03
 6.057333e-14  0.000000e+00 -1.874385e-01  0.000000e+00 -1.571954e-16  0.000000e+00
 0.000000e+00 -3.814042e-15  0.000000e+00 -3.028241e-03  0.000000e+00  2.581333e-17
-8.057481e-02  0.000000e+00  1.451014e-14  0.000000e+00 -3.449383e-03  0.000000e+00
 0.000000e+00 -5.974653e-02  0.000000e+00  2.065666e-16  0.000000e+00 -1.635046e-03
Error of Orbital 0: 7.506549e-02
Error of Orbital 1: 8.265152e-02
Error of Orbital 2: 1.206336e-01
Error of Orbital 4: 2.327116e-01
GetAllActiveSpinorbitalUpdates took 23 seconds
UpdateOrbitals took 24 seconds
Orthonormalize orbitals
Update Integrals
One body integrals: -2.734491e+00  0.000000e+00  9.132712e-14  0.000000e+00 -3.655262e-01  0.000000e+00
 0.000000e+00 -2.754424e+00  0.000000e+00 -2.022167e-14  0.000000e+00 -2.450288e-01
 9.134273e-14  0.000000e+00 -1.128678e+00  0.000000e+00  2.440322e-14  0.000000e+00
 0.000000e+00 -2.088867e-14  0.000000e+00 -1.286971e+00  0.000000e+00  2.074157e-13
-3.655262e-01  0.000000e+00  2.478399e-14  0.000000e+00  1.914652e-02  0.000000e+00
 0.000000e+00 -2.450288e-01  0.000000e+00  2.081339e-13  0.000000e+00  1.106559e+00
Alpha Overlap matrix: 
 1.000000e+00  4.770490e-17  3.291117e-13
 4.770490e-17  1.000000e+00 -6.938894e-18
 3.291117e-13 -6.938894e-18  1.000000e+00
Beta Overlap matrix: 
 1.000000e+00 -5.551115e-17  3.272711e-10
-5.898060e-17  1.000000e+00  3.469447e-18
 3.272711e-10  3.469447e-18  1.000000e+00
mn size: 36
CalculateAllIntegrals took 44 seconds
            Kinetic energy  2.953031e+00
 Nuclear attraction energy  -9.565940e+00
       Two-electron energy  1.892395e+00
 Nuclear  repulsion energy  4.166667e+00
              Total energy  -5.538472e-01
CalculateEnergies took 0 seconds
Highest error: 2.327116e-01
---------------------------------------------------
Start iteration step: 3
Skip optimization of spin orbital 3, since the occupation is less than NO_occupation_thresh (1.000000e-03)
Skip optimization of spin orbital 5, since the occupation is less than NO_occupation_thresh (1.000000e-03)
Spin orbital indices list for update : 0 1 2 4 
CalculateLagrangeMultiplier took 0 seconds
Lagrange Multiplier: -1.352915e+00  0.000000e+00  6.719704e-14  0.000000e+00  2.740761e-04  0.000000e+00
 0.000000e+00 -1.288421e+00  0.000000e+00 -1.859892e-16  0.000000e+00 -3.320564e-03
 6.720955e-14  0.000000e+00 -1.781447e-01  0.000000e+00 -1.583922e-16  0.000000e+00
 0.000000e+00 -7.494252e-15  0.000000e+00 -2.836377e-03  0.000000e+00 -3.478059e-17
-1.026199e-01  0.000000e+00  1.604328e-14  0.000000e+00 -3.905148e-03  0.000000e+00
 0.000000e+00 -8.072553e-02  0.000000e+00  1.521445e-16  0.000000e+00 -1.897296e-03
Error of Orbital 0: 1.916463e-02
Error of Orbital 1: 2.802055e-02
Error of Orbital 2: 1.080851e-01
Error of Orbital 4: 1.007318e-01
GetAllActiveSpinorbitalUpdates took 25 seconds
UpdateOrbitals took 25 seconds
Orthonormalize orbitals
Update Integrals
One body integrals: -2.745204e+00  0.000000e+00  9.698796e-14  0.000000e+00 -3.866844e-01  0.000000e+00
 0.000000e+00 -2.773089e+00  0.000000e+00 -2.176904e-14  0.000000e+00 -2.538252e-01
 9.734097e-14  0.000000e+00 -1.096683e+00  0.000000e+00  2.607246e-14  0.000000e+00
 0.000000e+00 -2.180461e-14  0.000000e+00 -1.286971e+00  0.000000e+00  2.078494e-13
-3.866844e-01  0.000000e+00  2.624073e-14  0.000000e+00 -4.920722e-02  0.000000e+00
 0.000000e+00 -2.538252e-01  0.000000e+00  2.072943e-13  0.000000e+00  1.111014e+00
Alpha Overlap matrix: 
 1.000000e+00 -6.678685e-16 -8.478204e-12
-6.678685e-16  1.000000e+00  6.938894e-18
-8.478190e-12  3.469447e-18  1.000000e+00
Beta Overlap matrix: 
 1.000000e+00  2.775558e-17  4.924312e-10
 2.775558e-17  1.000000e+00 -5.898060e-17
 4.924312e-10 -5.898060e-17  1.000000e+00
mn size: 36
CalculateAllIntegrals took 44 seconds
            Kinetic energy  2.994283e+00
 Nuclear attraction energy  -9.604662e+00
       Two-electron energy  1.877330e+00
 Nuclear  repulsion energy  4.166667e+00
              Total energy  -5.663821e-01
CalculateEnergies took 0 seconds
Highest error: 1.080851e-01
---------------------------------------------------
Start iteration step: 4
Skip optimization of spin orbital 3, since the occupation is less than NO_occupation_thresh (1.000000e-03)
Skip optimization of spin orbital 5, since the occupation is less than NO_occupation_thresh (1.000000e-03)
Spin orbital indices list for update : 0 1 2 4 
CalculateLagrangeMultiplier took 0 seconds
Lagrange Multiplier: -1.358199e+00  0.000000e+00  6.948669e-14  0.000000e+00  6.189305e-05  0.000000e+00
 0.000000e+00 -1.308317e+00  0.000000e+00 -1.785749e-16  0.000000e+00 -3.716470e-03
 6.974551e-14  0.000000e+00 -1.805108e-01  0.000000e+00 -1.815996e-16  0.000000e+00
 0.000000e+00 -1.064435e-14  0.000000e+00 -2.681808e-03  0.000000e+00 -5.544368e-17
-1.070302e-01  0.000000e+00  1.929071e-14  0.000000e+00 -3.979287e-03  0.000000e+00
 0.000000e+00 -8.963484e-02  0.000000e+00  1.350069e-16  0.000000e+00 -2.031373e-03
Error of Orbital 0: 3.401607e-03
Error of Orbital 1: 9.877229e-03
Error of Orbital 2: 8.033589e-02
Error of Orbital 4: 5.896469e-02
GetAllActiveSpinorbitalUpdates took 25 seconds
UpdateOrbitals took 25 seconds
Orthonormalize orbitals
Update Integrals
One body integrals: -2.746696e+00  0.000000e+00  9.864635e-14  0.000000e+00 -3.945244e-01  0.000000e+00
 0.000000e+00 -2.778687e+00  0.000000e+00 -2.233370e-14  0.000000e+00 -2.569563e-01
 9.859995e-14  0.000000e+00 -1.072576e+00  0.000000e+00  2.857827e-14  0.000000e+00
 0.000000e+00 -2.198589e-14  0.000000e+00 -1.286971e+00  0.000000e+00  2.081026e-13
-3.945244e-01  0.000000e+00  2.856569e-14  0.000000e+00 -9.295265e-02  0.000000e+00
 0.000000e+00 -2.569563e-01  0.000000e+00  2.079985e-13  0.000000e+00  1.112284e+00
Alpha Overlap matrix: 
 1.000000e+00 -2.185752e-16 -1.789789e-11
-2.185752e-16  1.000000e+00 -9.020562e-17
-1.789789e-11 -8.673617e-17  1.000000e+00
Beta Overlap matrix: 
 1.000000e+00 -4.198031e-16  5.554999e-10
-4.232725e-16  1.000000e+00  4.024558e-16
 5.554999e-10  4.024558e-16  1.000000e+00
mn size: 36
CalculateAllIntegrals took 43 seconds
            Kinetic energy  2.979097e+00
 Nuclear attraction energy  -9.572528e+00
       Two-electron energy  1.855989e+00
 Nuclear  repulsion energy  4.166667e+00
              Total energy  -5.707764e-01
CalculateEnergies took 0 seconds
Highest error: 8.033589e-02
---------------------------------------------------
Start iteration step: 5
Skip optimization of spin orbital 3, since the occupation is less than NO_occupation_thresh (1.000000e-03)
Skip optimization of spin orbital 5, since the occupation is less than NO_occupation_thresh (1.000000e-03)
Spin orbital indices list for update : 0 1 2 4 
CalculateLagrangeMultiplier took 0 seconds
Lagrange Multiplier: -1.365212e+00  0.000000e+00  7.081261e-14  0.000000e+00 -8.445824e-05  0.000000e+00
 0.000000e+00 -1.324611e+00  0.000000e+00 -1.379088e-16  0.000000e+00 -3.910450e-03
 7.074558e-14  0.000000e+00 -1.829818e-01  0.000000e+00 -2.223235e-16  0.000000e+00
 0.000000e+00 -1.236122e-14  0.000000e+00 -2.575354e-03  0.000000e+00 -5.610417e-17
-1.085577e-01  0.000000e+00  2.480634e-14  0.000000e+00 -3.988645e-03  0.000000e+00
 0.000000e+00 -9.355201e-02  0.000000e+00  1.387299e-16  0.000000e+00 -2.086062e-03
Error of Orbital 0: 1.694924e-03
Error of Orbital 1: 4.341148e-03
Error of Orbital 2: 5.939547e-02
Error of Orbital 4: 3.671198e-02
GetAllActiveSpinorbitalUpdates took 25 seconds
UpdateOrbitals took 25 seconds
Orthonormalize orbitals
Update Integrals
One body integrals: -2.746664e+00  0.000000e+00  9.714018e-14  0.000000e+00 -3.982566e-01  0.000000e+00
 0.000000e+00 -2.781011e+00  0.000000e+00 -2.207869e-14  0.000000e+00 -2.582562e-01
 9.732709e-14  0.000000e+00 -1.054703e+00  0.000000e+00  3.022582e-14  0.000000e+00
 0.000000e+00 -2.297901e-14  0.000000e+00 -1.286971e+00  0.000000e+00  2.085068e-13
-3.982566e-01  0.000000e+00  3.051682e-14  0.000000e+00 -1.273809e-01  0.000000e+00
 0.000000e+00 -2.582562e-01  0.000000e+00  2.083923e-13  0.000000e+00  1.112867e+00
Alpha Overlap matrix: 
 1.000000e+00 -3.799044e-16  1.435045e-10
-3.799044e-16  1.000000e+00 -1.387779e-17
 1.435045e-10 -1.040834e-17  1.000000e+00
Beta Overlap matrix: 
 1.000000e+00  6.938894e-18  5.808053e-10
 3.469447e-18  1.000000e+00 -9.020562e-17
 5.808053e-10 -9.020562e-17  1.000000e+00
mn size: 36
CalculateAllIntegrals took 47 seconds
            Kinetic energy  2.956693e+00
 Nuclear attraction energy  -9.534601e+00
       Two-electron energy  1.838259e+00
 Nuclear  repulsion energy  4.166667e+00
              Total energy  -5.729824e-01
CalculateEnergies took 0 seconds
Highest error: 5.939547e-02
---------------------------------------------------
Start iteration step: 6
Skip optimization of spin orbital 3, since the occupation is less than NO_occupation_thresh (1.000000e-03)
Skip optimization of spin orbital 5, since the occupation is less than NO_occupation_thresh (1.000000e-03)
Spin orbital indices list for update : 0 1 2 4 
CalculateLagrangeMultiplier took 0 seconds
Lagrange Multiplier: -1.371338e+00  0.000000e+00  7.075216e-14  0.000000e+00 -1.879577e-04  0.000000e+00
 0.000000e+00 -1.336916e+00  0.000000e+00 -5.552118e-17  0.000000e+00 -4.014998e-03
 7.080415e-14  0.000000e+00 -1.845424e-01  0.000000e+00 -2.659416e-16  0.000000e+00
 0.000000e+00 -1.387292e-14  0.000000e+00 -2.502387e-03  0.000000e+00 -4.855874e-17
-1.098360e-01  0.000000e+00  3.153875e-14  0.000000e+00 -3.984815e-03  0.000000e+00
 0.000000e+00 -9.563995e-02  0.000000e+00  1.616380e-16  0.000000e+00 -2.106126e-03
Error of Orbital 0: 1.479401e-03
Error of Orbital 1: 2.404312e-03
Error of Orbital 2: 4.502640e-02
Error of Orbital 4: 2.447293e-02
GetAllActiveSpinorbitalUpdates took 27 seconds
UpdateOrbitals took 27 seconds
Orthonormalize orbitals
Update Integrals
One body integrals: -2.746390e+00  0.000000e+00  9.341117e-14  0.000000e+00 -4.004675e-01  0.000000e+00
 0.000000e+00 -2.782275e+00  0.000000e+00 -2.216890e-14  0.000000e+00 -2.589281e-01
 9.312147e-14  0.000000e+00 -1.041155e+00  0.000000e+00  3.379979e-14  0.000000e+00
 0.000000e+00 -2.146373e-14  0.000000e+00 -1.286971e+00  0.000000e+00  2.074712e-13
-4.004675e-01  0.000000e+00  3.361374e-14  0.000000e+00 -1.540166e-01  0.000000e+00
 0.000000e+00 -2.589281e-01  0.000000e+00  2.071000e-13  0.000000e+00  1.113233e+00
Alpha Overlap matrix: 
 1.000000e+00 -3.655930e-16 -3.052468e-11
-3.655930e-16  1.000000e+00  2.706169e-16
-3.052464e-11  2.775558e-16  1.000000e+00
Beta Overlap matrix: 
 1.000000e+00 -3.677614e-16  5.937720e-10
-3.729655e-16  1.000000e+00 -4.510281e-17
 5.937720e-10 -4.510281e-17  1.000000e+00
mn size: 36
CalculateAllIntegrals took 43 seconds
            Kinetic energy  2.937589e+00
 Nuclear attraction energy  -9.502983e+00
       Two-electron energy  1.824514e+00
 Nuclear  repulsion energy  4.166667e+00
              Total energy  -5.742128e-01
CalculateEnergies took 0 seconds
Highest error: 4.502640e-02
---------------------------------------------------
Start iteration step: 7
Skip optimization of spin orbital 3, since the occupation is less than NO_occupation_thresh (1.000000e-03)
Skip optimization of spin orbital 5, since the occupation is less than NO_occupation_thresh (1.000000e-03)
Spin orbital indices list for update : 0 1 2 4 
CalculateLagrangeMultiplier took 0 seconds
Lagrange Multiplier: -1.376195e+00  0.000000e+00  6.979497e-14  0.000000e+00 -2.641960e-04  0.000000e+00
 0.000000e+00 -1.346143e+00  0.000000e+00  4.649845e-17  0.000000e+00 -4.078402e-03
 6.942169e-14  0.000000e+00 -1.854846e-01  0.000000e+00 -3.490888e-16  0.000000e+00
 0.000000e+00 -1.449022e-14  0.000000e+00 -2.450567e-03  0.000000e+00 -2.177547e-17
-1.110338e-01  0.000000e+00  4.046297e-14  0.000000e+00 -3.978805e-03  0.000000e+00
 0.000000e+00 -9.692661e-02  0.000000e+00  1.938855e-16  0.000000e+00 -2.113493e-03
Error of Orbital 0: 1.126075e-03
Error of Orbital 1: 1.549609e-03
Error of Orbital 2: 3.492883e-02
Error of Orbital 4: 1.724513e-02
GetAllActiveSpinorbitalUpdates took 26 seconds
UpdateOrbitals took 26 seconds
Orthonormalize orbitals
Update Integrals
One body integrals: -2.746125e+00  0.000000e+00  8.644908e-14  0.000000e+00 -4.019634e-01  0.000000e+00
 0.000000e+00 -2.783080e+00  0.000000e+00 -2.176037e-14  0.000000e+00 -2.593407e-01
 8.667698e-14  0.000000e+00 -1.030658e+00  0.000000e+00  3.766648e-14  0.000000e+00
 0.000000e+00 -2.207089e-14  0.000000e+00 -1.286971e+00  0.000000e+00  2.086491e-13
-4.019634e-01  0.000000e+00  3.786251e-14  0.000000e+00 -1.742170e-01  0.000000e+00
 0.000000e+00 -2.593407e-01  0.000000e+00  2.099119e-13  0.000000e+00  1.113491e+00
Alpha Overlap matrix: 
 1.000000e+00  5.681219e-17 -1.491141e-10
 5.681219e-17  1.000000e+00 -9.714451e-17
-1.491141e-10 -8.326673e-17  1.000000e+00
Beta Overlap matrix: 
 1.000000e+00 -2.081668e-17  6.018481e-10
-2.081668e-17  1.000000e+00  2.359224e-16
 6.018481e-10  2.359224e-16  1.000000e+00
mn size: 36
CalculateAllIntegrals took 44 seconds
            Kinetic energy  2.922697e+00
 Nuclear attraction energy  -9.478168e+00
       Two-electron energy  1.813871e+00
 Nuclear  repulsion energy  4.166667e+00
              Total energy  -5.749339e-01
CalculateEnergies took 0 seconds
Highest error: 3.492883e-02
---------------------------------------------------
Start iteration step: 8
Skip optimization of spin orbital 3, since the occupation is less than NO_occupation_thresh (1.000000e-03)
Skip optimization of spin orbital 5, since the occupation is less than NO_occupation_thresh (1.000000e-03)
Spin orbital indices list for update : 0 1 2 4 
CalculateLagrangeMultiplier took 0 seconds
Lagrange Multiplier: -1.380004e+00  0.000000e+00  6.713249e-14  0.000000e+00 -3.221413e-04  0.000000e+00
 0.000000e+00 -1.353164e+00  0.000000e+00  1.725857e-16  0.000000e+00 -4.120582e-03
 6.729837e-14  0.000000e+00 -1.860601e-01  0.000000e+00 -4.464023e-16  0.000000e+00
 0.000000e+00 -1.732338e-14  0.000000e+00 -2.412297e-03  0.000000e+00  1.874189e-17
-1.121001e-01  0.000000e+00  5.136267e-14  0.000000e+00 -3.972763e-03  0.000000e+00
 0.000000e+00 -9.779238e-02  0.000000e+00  2.480549e-16  0.000000e+00 -2.116341e-03
Error of Orbital 0: 8.357201e-04
Error of Orbital 1: 1.085831e-03
Error of Orbital 2: 2.757457e-02
Error of Orbital 4: 1.266090e-02
GetAllActiveSpinorbitalUpdates took 24 seconds
UpdateOrbitals took 24 seconds
Orthonormalize orbitals
Update Integrals
One body integrals: -2.745914e+00  0.000000e+00  7.704796e-14  0.000000e+00 -4.030492e-01  0.000000e+00
 0.000000e+00 -2.783640e+00  0.000000e+00 -2.095286e-14  0.000000e+00 -2.596220e-01
 7.696664e-14  0.000000e+00 -1.022386e+00  0.000000e+00  4.333816e-14  0.000000e+00
 0.000000e+00 -2.133016e-14  0.000000e+00 -1.286971e+00  0.000000e+00  2.076499e-13
-4.030492e-01  0.000000e+00  4.363133e-14  0.000000e+00 -1.895172e-01  0.000000e+00
 0.000000e+00 -2.596220e-01  0.000000e+00  2.088520e-13  0.000000e+00  1.113681e+00
Alpha Overlap matrix: 
 1.000000e+00 -2.349466e-16 -3.767983e-11
-2.349466e-16  1.000000e+00 -1.040834e-16
-3.767983e-11 -9.714451e-17  1.000000e+00
Beta Overlap matrix: 
 1.000000e+00 -2.602085e-16  6.074462e-10
-2.584738e-16  1.000000e+00  3.885781e-16
 6.074462e-10  3.885781e-16  1.000000e+00
mn size: 36
CalculateAllIntegrals took 42 seconds
            Kinetic energy  2.911210e+00
 Nuclear attraction energy  -9.458784e+00
       Two-electron energy  1.805534e+00
 Nuclear  repulsion energy  4.166667e+00
              Total energy  -5.753728e-01
CalculateEnergies took 0 seconds
Highest error: 2.757457e-02
---------------------------------------------------
Start iteration step: 9
Skip optimization of spin orbital 3, since the occupation is less than NO_occupation_thresh (1.000000e-03)
Skip optimization of spin orbital 5, since the occupation is less than NO_occupation_thresh (1.000000e-03)
Spin orbital indices list for update : 0 1 2 4 
CalculateLagrangeMultiplier took 0 seconds
Lagrange Multiplier: -1.383019e+00  0.000000e+00  6.380310e-14  0.000000e+00 -3.671555e-04  0.000000e+00
 0.000000e+00 -1.358600e+00  0.000000e+00  3.620282e-16  0.000000e+00 -4.150474e-03
 6.375649e-14  0.000000e+00 -1.864175e-01  0.000000e+00 -5.890265e-16  0.000000e+00
 0.000000e+00 -1.928181e-14  0.000000e+00 -2.383124e-03  0.000000e+00  7.360303e-17
-1.130131e-01  0.000000e+00  6.726809e-14  0.000000e+00 -3.967144e-03  0.000000e+00
 0.000000e+00 -9.840726e-02  0.000000e+00  3.165624e-16  0.000000e+00 -2.117524e-03
Error of Orbital 0: 6.267440e-04
Error of Orbital 1: 7.980895e-04
Error of Orbital 2: 2.205316e-02
Error of Orbital 4: 9.578337e-03
GetAllActiveSpinorbitalUpdates took 24 seconds
UpdateOrbitals took 24 seconds
Orthonormalize orbitals
Update Integrals
One body integrals: -2.745754e+00  0.000000e+00  6.266905e-14  0.000000e+00 -4.038709e-01  0.000000e+00
 0.000000e+00 -2.784047e+00  0.000000e+00 -2.200670e-14  0.000000e+00 -2.598259e-01
 6.263219e-14  0.000000e+00 -1.015784e+00  0.000000e+00  5.070250e-14  0.000000e+00
 0.000000e+00 -2.129893e-14  0.000000e+00 -1.286971e+00  0.000000e+00  2.079465e-13
-4.038709e-01  0.000000e+00  5.069816e-14  0.000000e+00 -2.012097e-01  0.000000e+00
 0.000000e+00 -2.598259e-01  0.000000e+00  2.092250e-13  0.000000e+00  1.113824e+00
Alpha Overlap matrix: 
 1.000000e+00  1.006682e-16 -4.153887e-11
 1.006682e-16  1.000000e+00  4.163336e-17
-4.153890e-11  3.122502e-17  1.000000e+00
Beta Overlap matrix: 
1.000000e+00 6.938894e-17 6.129202e-10
7.112366e-17 1.000000e+00 4.857226e-17
6.129202e-10 4.857226e-17 1.000000e+00
mn size: 36
CalculateAllIntegrals took 42 seconds
            Kinetic energy  2.902276e+00
 Nuclear attraction energy  -9.443516e+00
       Two-electron energy  1.798925e+00
 Nuclear  repulsion energy  4.166667e+00
              Total energy  -5.756483e-01
CalculateEnergies took 0 seconds
Highest error: 2.205316e-02
---------------------------------------------------
Start iteration step: 10
Skip optimization of spin orbital 3, since the occupation is less than NO_occupation_thresh (1.000000e-03)
Skip optimization of spin orbital 5, since the occupation is less than NO_occupation_thresh (1.000000e-03)
Spin orbital indices list for update : 0 1 2 4 
CalculateLagrangeMultiplier took 0 seconds
Lagrange Multiplier: -1.385432e+00  0.000000e+00  5.843945e-14  0.000000e+00 -4.026704e-04  0.000000e+00
 0.000000e+00 -1.362874e+00  0.000000e+00  6.151087e-16  0.000000e+00 -4.172574e-03
 5.847844e-14  0.000000e+00 -1.866430e-01  0.000000e+00 -7.784451e-16  0.000000e+00
 0.000000e+00 -2.272571e-14  0.000000e+00 -2.360363e-03  0.000000e+00  1.520680e-16
-1.137815e-01  0.000000e+00  8.783671e-14  0.000000e+00 -3.962077e-03  0.000000e+00
 0.000000e+00 -9.886007e-02  0.000000e+00  4.156416e-16  0.000000e+00 -2.118056e-03
Error of Orbital 0: 4.788796e-04
Error of Orbital 1: 6.048383e-04
Error of Orbital 2: 1.780820e-02
Error of Orbital 4: 7.406896e-03
GetAllActiveSpinorbitalUpdates took 24 seconds
UpdateOrbitals took 24 seconds
Orthonormalize orbitals
Update Integrals
One body integrals: -2.745632e+00  0.000000e+00  4.389349e-14  0.000000e+00 -4.045059e-01  0.000000e+00
 0.000000e+00 -2.784354e+00  0.000000e+00 -2.068571e-14  0.000000e+00 -2.599793e-01
 4.298732e-14  0.000000e+00 -1.010464e+00  0.000000e+00  6.144868e-14  0.000000e+00
 0.000000e+00 -2.144292e-14  0.000000e+00 -1.286971e+00  0.000000e+00  2.079760e-13
-4.045059e-01  0.000000e+00  6.135977e-14  0.000000e+00 -2.102497e-01  0.000000e+00
 0.000000e+00 -2.599793e-01  0.000000e+00  2.077453e-13  0.000000e+00  1.113935e+00
Alpha Overlap matrix: 
 1.000000e+00 -3.805550e-17 -3.804152e-10
-3.805550e-17  1.000000e+00 -2.983724e-16
-3.804152e-10 -3.053113e-16  1.000000e+00
Beta Overlap matrix: 
 1.000000e+00 -1.526557e-16  6.159101e-10
-1.509209e-16  1.000000e+00 -1.595946e-16
 6.159101e-10 -1.595946e-16  1.000000e+00
mn size: 36
CalculateAllIntegrals took 41 seconds
            Kinetic energy  2.895245e+00
 Nuclear attraction energy  -9.431366e+00
       Two-electron energy  1.793630e+00
 Nuclear  repulsion energy  4.166667e+00
              Total energy  -5.758256e-01
CalculateEnergies took 0 seconds
Highest error: 1.780820e-02
---------------------------------------------------
Start iteration step: 11
Skip optimization of spin orbital 3, since the occupation is less than NO_occupation_thresh (1.000000e-03)
Skip optimization of spin orbital 5, since the occupation is less than NO_occupation_thresh (1.000000e-03)
Spin orbital indices list for update : 0 1 2 4 
CalculateLagrangeMultiplier took 0 seconds
Lagrange Multiplier: -1.387381e+00  0.000000e+00  5.119985e-14  0.000000e+00 -4.309973e-04  0.000000e+00
 0.000000e+00 -1.366277e+00  0.000000e+00  9.484224e-16  0.000000e+00 -4.189395e-03
 5.049917e-14  0.000000e+00 -1.867871e-01  0.000000e+00 -1.047040e-15  0.000000e+00
 0.000000e+00 -2.853454e-14  0.000000e+00 -2.342308e-03  0.000000e+00  2.606413e-16
-1.144194e-01  0.000000e+00  1.159041e-13  0.000000e+00 -3.957587e-03  0.000000e+00
 0.000000e+00 -9.920269e-02  0.000000e+00  5.411892e-16  0.000000e+00 -2.118316e-03
Error of Orbital 0: 3.718645e-04
Error of Orbital 1: 4.684162e-04
Error of Orbital 2: 1.448415e-02
Error of Orbital 4: 5.820269e-03
GetAllActiveSpinorbitalUpdates took 24 seconds
UpdateOrbitals took 24 seconds
Orthonormalize orbitals
Update Integrals
One body integrals: -2.745540e+00  0.000000e+00  1.525581e-14  0.000000e+00 -4.050051e-01  0.000000e+00
 0.000000e+00 -2.784590e+00  0.000000e+00 -2.140128e-14  0.000000e+00 -2.600981e-01
 1.531284e-14  0.000000e+00 -1.006147e+00  0.000000e+00  7.470673e-14  0.000000e+00
 0.000000e+00 -2.054693e-14  0.000000e+00 -1.286971e+00  0.000000e+00  2.076291e-13
-4.050051e-01  0.000000e+00  7.514258e-14  0.000000e+00 -2.173212e-01  0.000000e+00
 0.000000e+00 -2.600981e-01  0.000000e+00  2.082345e-13  0.000000e+00  1.114020e+00
Alpha Overlap matrix: 
 1.000000e+00  2.092510e-17 -4.415421e-11
 2.092510e-17  1.000000e+00  4.163336e-17
-4.415424e-11  4.163336e-17  1.000000e+00
Beta Overlap matrix: 
 1.000000e+00 -2.151057e-16  6.183384e-10
-2.081668e-16  1.000000e+00  1.318390e-16
 6.183384e-10  1.318390e-16  1.000000e+00
mn size: 36
CalculateAllIntegrals took 42 seconds
            Kinetic energy  2.889651e+00
 Nuclear attraction energy  -9.421612e+00
       Two-electron energy  1.789352e+00
 Nuclear  repulsion energy  4.166667e+00
              Total energy  -5.759420e-01
CalculateEnergies took 0 seconds
Highest error: 1.448415e-02
---------------------------------------------------
Start iteration step: 12
Skip optimization of spin orbital 3, since the occupation is less than NO_occupation_thresh (1.000000e-03)
Skip optimization of spin orbital 5, since the occupation is less than NO_occupation_thresh (1.000000e-03)
Spin orbital indices list for update : 0 1 2 4 
CalculateLagrangeMultiplier took 0 seconds
Lagrange Multiplier: -1.388966e+00  0.000000e+00  3.909877e-14  0.000000e+00 -4.537824e-04  0.000000e+00
 0.000000e+00 -1.369011e+00  0.000000e+00  1.438725e-15  0.000000e+00 -4.202459e-03
 3.949373e-14  0.000000e+00 -1.868801e-01  0.000000e+00 -1.408861e-15  0.000000e+00
